$hessian                                                                        
        0.5082581781  -0.0984894989  -0.0301128692  -0.0521821588   0.0253488804
        0.0085770405  -0.1712075796  -0.0064473964  -0.0199984726  -0.0695742336
        0.0375358844  -0.0050029918  -0.0055442760  -0.0009148105  -0.0015962605
       -0.0635716796   0.0381956840  -0.0596132785   0.0035029775  -0.0109063440
       -0.0023623837  -0.1310783818   0.0117214569   0.1146877905  -0.0138836373
       -0.0015892451  -0.0025090910  -0.0047192089   0.0055453892  -0.0020694838
       -0.0984894989   0.4444450358  -0.0410781547   0.0551503622  -0.2034558467
       -0.0300808318  -0.0355130913  -0.0492289066   0.0011556092   0.0452955477
       -0.0354261179  -0.0042641501  -0.0044898226  -0.0006145771  -0.0010952548
        0.0378885103  -0.1055426864   0.0972452914   0.0038367281  -0.0089487877
       -0.0017341552   0.0093039799  -0.0402590721  -0.0139675911  -0.0165059615
       -0.0014395617  -0.0030469876   0.0035232459   0.0004705204  -0.0031337754
       -0.0301128692  -0.0410781547   0.5041285026   0.0170498804  -0.0358703579
       -0.0662766844  -0.0281783614   0.0067648233  -0.0811089530  -0.0028396917
       -0.0057511783   0.0086058834  -0.0256860610  -0.0013967136  -0.0065065801
       -0.0608630495   0.1016583339  -0.1876893874   0.0018133517  -0.0045613120
       -0.0012294654   0.1151273530  -0.0178962442  -0.1852846478   0.0163635837
        0.0008593997   0.0026443638  -0.0026741361  -0.0027285961   0.0127169683
       -0.0521821588   0.0551503622   0.0170498804   0.7575636871   0.1466696376
        0.1663633354  -0.0359166172  -0.0399488168  -0.0203881732  -0.5210892171
       -0.0817479658  -0.1181495243  -0.0007906641  -0.0009604324  -0.0004471465
       -0.0033247934   0.0112685855   0.0001193826  -0.1216747156  -0.1067272120
       -0.0473962486  -0.0055842650   0.0184457160   0.0065164710  -0.0008080304
       -0.0009617345  -0.0006597635  -0.0161932255  -0.0011881401  -0.0030082134
        0.0253488804  -0.2034558467  -0.0358703579   0.1466696376   0.5588611266
        0.1536493179  -0.0321367892  -0.0598829272  -0.0262958524  -0.0600022773
       -0.0612359990  -0.0192501205  -0.0007257016  -0.0033041051  -0.0023107949
        0.0060236125  -0.0179761691  -0.0012788829  -0.1056705947  -0.2059851766
       -0.0693953929   0.0048475558  -0.0043595276  -0.0031235759  -0.0011353379
       -0.0039268129  -0.0004273693   0.0167810145   0.0012654376   0.0043030289
        0.0085770405  -0.0300808318  -0.0662766844   0.1663633354   0.1536493179
        0.1927019566  -0.0181534393  -0.0277497956  -0.0006318920  -0.1119153090
       -0.0234554717  -0.0630134783  -0.0005789450  -0.0014901859  -0.0001982287
       -0.0031646713   0.0211771402   0.0059184439  -0.0471090965  -0.0696600980
       -0.0617668449   0.0044373657  -0.0218945985  -0.0054439995  -0.0004988028
       -0.0012799386   0.0004439280   0.0020425224   0.0007844620  -0.0017332006
       -0.1712075796  -0.0355130913  -0.0281783614  -0.0359166172  -0.0321367892
       -0.0181534393   0.4218962495   0.1003191607   0.0088830541  -0.0462024191
        0.0413601996   0.0142297260  -0.0471969900  -0.0068508179  -0.0373510347
       -0.0091077390  -0.0014251918  -0.0025188475  -0.0012348131  -0.0044915763
       -0.0042260841  -0.0172182469  -0.0037253989  -0.0036357294  -0.0927054711
       -0.0719536439   0.0670601793  -0.0011063736   0.0144171490   0.0038905370
       -0.0064473964  -0.0492289066   0.0067648233  -0.0399488168  -0.0598829272
       -0.0277497956   0.1003191607   0.5067648887   0.0151852244   0.0115973639
       -0.2077248908  -0.0396079687  -0.0064489268  -0.0475649626  -0.0439703986
        0.0123804937   0.0028745671   0.0036400664  -0.0024477704  -0.0020516453
       -0.0049961948   0.0009858766   0.0000828781   0.0002974426  -0.0696746883
       -0.1376454303   0.0920026666  -0.0003152963  -0.0056235711  -0.0015658655
       -0.0199984726   0.0011556092  -0.0811089530  -0.0203881732  -0.0262958524
       -0.0006318920   0.0088830541   0.0151852244   0.5269975211   0.0058244886
       -0.0338216491  -0.0678572917  -0.0365204463  -0.0484563539  -0.2612214823
       -0.0206601788  -0.0049334657  -0.0063898980  -0.0036647217  -0.0054171251
        0.0117613386   0.0197559631   0.0053170089   0.0044231615   0.0670138207
        0.0959476403  -0.1260238501  -0.0002453338   0.0013189635   0.0000513458
       -0.0695742336   0.0452955477  -0.0028396917  -0.5210892171  -0.0600022773
       -0.1119153090  -0.0462024191   0.0115973639   0.0058244886   0.8665332257
       -0.1033461451   0.1174437795   0.0011462016  -0.0049112733  -0.0023510999
       -0.0019632519   0.0020440188  -0.0002576760  -0.0079779385  -0.0021430172
       -0.0016998308  -0.0021209257   0.0018902531   0.0003135979   0.0028238292
       -0.0138019433  -0.0022517578  -0.2215752706   0.1233774727  -0.0022665008
        0.0375358844  -0.0354261179  -0.0057511783  -0.0817479658  -0.0612359990
       -0.0234554717   0.0413601996  -0.2077248908  -0.0338216491  -0.1033461451
        0.4805919264   0.0825272492  -0.0008427433  -0.0089882243  -0.0060359725
        0.0018135217  -0.0029787741   0.0003282157  -0.0201200639  -0.0046909582
       -0.0046060276   0.0020189937  -0.0024151228  -0.0014563711   0.0010515109
       -0.0227384166  -0.0030558229   0.1222768078  -0.1343934227  -0.0046729718
       -0.0050029918  -0.0042641501   0.0086058834  -0.1181495243  -0.0192501205
       -0.0630134783   0.0142297260  -0.0396079687  -0.0678572917   0.1174437795
        0.0825272492   0.1628841227   0.0058775694  -0.0274736872  -0.0075534021
       -0.0001700908  -0.0004741568   0.0006888381  -0.0067742775  -0.0010747862
       -0.0039989260   0.0002115227  -0.0006547477   0.0002837107  -0.0051322318
        0.0147444893   0.0045143505  -0.0025334814  -0.0044721214  -0.0345538074
       -0.0055442760  -0.0044898226  -0.0256860610  -0.0007906641  -0.0007257016
       -0.0005789450  -0.0471969900  -0.0064489268  -0.0365204463   0.0011462016
       -0.0008427433   0.0058775694   0.0520596667   0.0128079945   0.0434549027
       -0.0028678056  -0.0016024293  -0.0012800222  -0.0001214913  -0.0008885281
        0.0007098342   0.0002356990   0.0002547160  -0.0005124258   0.0030569904
        0.0014846225   0.0147104291   0.0000226693   0.0004508187  -0.0001748351
       -0.0009148105  -0.0006145771  -0.0013967136  -0.0009604324  -0.0033041051
       -0.0014901859  -0.0068508179  -0.0475649626  -0.0484563539  -0.0049112733
       -0.0089882243  -0.0274736872   0.0128079945   0.0581063594   0.0556970636
        0.0008318987  -0.0000889766   0.0003395492  -0.0011674667  -0.0012725771
        0.0023033124  -0.0003305468   0.0003407378  -0.0000455375   0.0016972186
        0.0039965769   0.0207607319  -0.0002017643  -0.0006102513  -0.0002381789
       -0.0015962605  -0.0010952548  -0.0065065801  -0.0004471465  -0.0023107949
       -0.0001982287  -0.0373510347  -0.0439703986  -0.2612214823  -0.0023510999
       -0.0060359725  -0.0075534021   0.0434549027   0.0556970636   0.2989585932
       -0.0004507808  -0.0007325785   0.0000321377  -0.0002506269  -0.0003823768
        0.0011783834   0.0002179975   0.0001961664   0.0007428071  -0.0012543324
       -0.0013618168  -0.0252042061   0.0000283815  -0.0000040371  -0.0002280222
       -0.0635716796   0.0378885103  -0.0608630495  -0.0033247934   0.0060236125
       -0.0031646713  -0.0091077390   0.0123804937  -0.0206601788  -0.0019632519
        0.0018135217  -0.0001700908  -0.0028678056   0.0008318987  -0.0004507808
        0.0756102928  -0.0495800261   0.0679632707   0.0000045435  -0.0000507270
       -0.0003330607   0.0059104790  -0.0093535177   0.0161593345   0.0002126454
       -0.0000887526  -0.0005066893  -0.0009026913   0.0001349865   0.0020259160
        0.0381956840  -0.1055426864   0.1016583339   0.0112685855  -0.0179761691
        0.0211771402  -0.0014251918   0.0028745671  -0.0049334657   0.0020440188
       -0.0029787741  -0.0004741568  -0.0016024293  -0.0000889766  -0.0007325785
       -0.0495800261   0.1212440507  -0.1149251638   0.0004389536  -0.0005819111
       -0.0000881685  -0.0005030557   0.0019112890   0.0007924264   0.0000983237
        0.0005320635  -0.0002796529   0.0010651372   0.0006065470  -0.0021947143
       -0.0596132785   0.0972452914  -0.1876893874   0.0001193826  -0.0012788829
        0.0059184439  -0.0025188475   0.0036400664  -0.0063898980  -0.0002576760
        0.0003282157   0.0006888381  -0.0012800222   0.0003395492   0.0000321377
        0.0679632707  -0.1149251638   0.2131088492   0.0002152267  -0.0001573907
       -0.0002313795  -0.0053575708   0.0150417596  -0.0260609127   0.0004133808
       -0.0001842786   0.0005905352   0.0003161341  -0.0000491664   0.0000327734
        0.0035029775   0.0038367281   0.0018133517  -0.1216747156  -0.1056705947
       -0.0471090965  -0.0012348131  -0.0024477704  -0.0036647217  -0.0079779385
       -0.0201200639  -0.0067742775  -0.0001214913  -0.0011674667  -0.0002506269
        0.0000045435   0.0004389536   0.0002152267   0.1277445102   0.1253611027
        0.0562081214  -0.0000942527   0.0004501152   0.0000748859   0.0002958350
       -0.0000483061  -0.0001665062  -0.0004446551  -0.0006326979  -0.0003463568
       -0.0109063440  -0.0089487877  -0.0045613120  -0.1067272120  -0.2059851766
       -0.0696600980  -0.0044915763  -0.0020516453  -0.0054171251  -0.0021430172
       -0.0046909582  -0.0010747862  -0.0008885281  -0.0012725771  -0.0003823768
       -0.0000507270  -0.0005819111  -0.0001573907   0.1253611027   0.2233622111
        0.0816060427  -0.0002355599  -0.0006192783  -0.0001573026  -0.0002728090
        0.0003525715  -0.0002675115   0.0003546708   0.0004355518   0.0000718602
       -0.0023623837  -0.0017341552  -0.0012294654  -0.0473962486  -0.0693953929
       -0.0617668449  -0.0042260841  -0.0049961948   0.0117613386  -0.0016998308
       -0.0046060276  -0.0039989260   0.0007098342   0.0023033124   0.0011783834
       -0.0003330607  -0.0000881685  -0.0002313795   0.0562081214   0.0816060427
        0.0548730260   0.0002918243  -0.0000008901  -0.0000930541  -0.0011226530
       -0.0029669895  -0.0008675431  -0.0000695189  -0.0001215365   0.0003744651
       -0.1310783818   0.0093039799   0.1151273530  -0.0055842650   0.0048475558
        0.0044373657  -0.0172182469   0.0009858766   0.0197559631  -0.0021209257
        0.0020189937   0.0002115227   0.0002356990  -0.0003305468   0.0002179975
        0.0059104790  -0.0005030557  -0.0053575708  -0.0000942527  -0.0002355599
        0.0002918243   0.1529673638  -0.0181706729  -0.1324395843  -0.0029785923
        0.0008926381  -0.0003042196  -0.0000388773   0.0011907912  -0.0019406516
        0.0117214569  -0.0402590721  -0.0178962442   0.0184457160  -0.0043595276
       -0.0218945985  -0.0037253989   0.0000828781   0.0053170089   0.0018902531
       -0.0024151228  -0.0006547477   0.0002547160   0.0003407378   0.0001961664
       -0.0093535177   0.0019112890   0.0150417596   0.0004501152  -0.0006192783
       -0.0000008901  -0.0181706729   0.0461707280   0.0177645855  -0.0018176985
       -0.0001089664  -0.0001452992   0.0003050308  -0.0007436657   0.0022722594
        0.1146877905  -0.0139675911  -0.1852846478   0.0065164710  -0.0031235759
       -0.0054439995  -0.0036357294   0.0002974426   0.0044231615   0.0003135979
       -0.0014563711   0.0002837107  -0.0005124258  -0.0000455375   0.0007428071
        0.0161593345   0.0007924264  -0.0260609127   0.0000748859  -0.0001573026
       -0.0000930541  -0.1324395843   0.0177645855   0.2107579844  -0.0009406646
       -0.0002193542   0.0001439104  -0.0002236758   0.0001152779   0.0005310401
       -0.0138836373  -0.0165059615   0.0163635837  -0.0008080304  -0.0011353379
       -0.0004988028  -0.0927054711  -0.0696746883   0.0670138207   0.0028238292
        0.0010515109  -0.0051322318   0.0030569904   0.0016972186  -0.0012543324
        0.0002126454   0.0000983237   0.0004133808   0.0002958350  -0.0002728090
       -0.0011226530  -0.0029785923  -0.0018176985  -0.0009406646   0.1040626041
        0.0862658220  -0.0752838749  -0.0000761729   0.0002936200   0.0004417742
       -0.0015892451  -0.0014395617   0.0008593997  -0.0009617345  -0.0039268129
       -0.0012799386  -0.0719536439  -0.1376454303   0.0959476403  -0.0138019433
       -0.0227384166   0.0147444893   0.0014846225   0.0039965769  -0.0013618168
       -0.0000887526   0.0005320635  -0.0001842786  -0.0000483061   0.0003525715
       -0.0029669895   0.0008926381  -0.0001089664  -0.0002193542   0.0862658220
        0.1615988526  -0.1054267644  -0.0001994571  -0.0006208766  -0.0001123872
       -0.0025090910  -0.0030469876   0.0026443638  -0.0006597635  -0.0004273693
        0.0004439280   0.0670601793   0.0920026666  -0.1260238501  -0.0022517578
       -0.0030558229   0.0045143505   0.0147104291   0.0207607319  -0.0252042061
       -0.0005066893  -0.0002796529   0.0005905352  -0.0001665062  -0.0002675115
       -0.0008675431  -0.0003042196  -0.0001452992   0.0001439104  -0.0752838749
       -0.1054267644   0.1438709780  -0.0000887062  -0.0001139908  -0.0001124665
       -0.0047192089   0.0035232459  -0.0026741361  -0.0161932255   0.0167810145
        0.0020425224  -0.0011063736  -0.0003152963  -0.0002453338  -0.2215752706
        0.1222768078  -0.0025334814   0.0000226693  -0.0002017643   0.0000283815
       -0.0009026913   0.0010651372   0.0003161341  -0.0004446551   0.0003546708
       -0.0000695189  -0.0000388773   0.0003050308  -0.0002236758  -0.0000761729
       -0.0001994571  -0.0000887062   0.2450338059  -0.1435893893   0.0034478143
        0.0055453892   0.0004705204  -0.0027285961  -0.0011881401   0.0012654376
        0.0007844620   0.0144171490  -0.0056235711   0.0013189635   0.1233774727
       -0.1343934227  -0.0044721214   0.0004508187  -0.0006102513  -0.0000040371
        0.0001349865   0.0006065470  -0.0000491664  -0.0006326979   0.0004355518
       -0.0001215365   0.0011907912  -0.0007436657   0.0001152779   0.0002936200
       -0.0006208766  -0.0001139908  -0.1435893893   0.1392137306   0.0052707448
       -0.0020694838  -0.0031337754   0.0127169683  -0.0030082134   0.0043030289
       -0.0017332006   0.0038905370  -0.0015658655   0.0000513458  -0.0022665008
       -0.0046729718  -0.0345538074  -0.0001748351  -0.0002381789  -0.0002280222
        0.0020259160  -0.0021947143   0.0000327734  -0.0003463568   0.0000718602
        0.0003744651  -0.0019406516   0.0022722594   0.0005310401   0.0004417742
       -0.0001123872  -0.0001124665   0.0034478143   0.0052707448   0.0229209042
