           1           2   1.0252954369969256     
           1           3  0.99594660226184206     
           2           4   1.9187137125941034     
           3           4   1.0252369518017077     
           3           5  0.96922766064774013     
           1           6  0.96925029418778230     
           2           7  0.97032622338952890     
           1           8  0.96916795459486060     
           3           9  0.96922379056306163     
           4          10  0.97039283802397280     
