 -1.0
  0.11471893214382D+01  0.27326084369217D+01 -0.20468531731093D+00  0.18203652865642D-03 -0.33319651670371D-03  0.30606378478512D-03
  0.10186108656024D+01 -0.23471354970676D+01  0.11943467141787D+00 -0.28673420623846D-03  0.94950628378687D-03 -0.70162514155536D-03
 -0.13651926851057D+01  0.10884523535485D+01 -0.32073131972053D+00  0.25357972285095D-03 -0.10314567981945D-02 -0.22858366443329D-03
 -0.12334272012286D+01 -0.15181944718886D+01  0.11508400033908D+00 -0.47576013731272D-03  0.59012609593738D-03 -0.89699404723086D-05
  0.54398407519407D+00  0.47930737402050D+01  0.32276397546619D+00  0.20688444785086D-02  0.30462348235434D-02 -0.25314058034743D-02
  0.32886232707500D+01  0.25154026982385D+01  0.77038867791077D-01  0.25925694889115D-02  0.22014719425511D-02  0.24646379232863D-02
  0.25363370963049D+01 -0.14361669775230D+01 -0.63649841197765D+00 -0.18719423981719D-02 -0.39857789095107D-02  0.21469726146444D-02
  0.15816134777875D+01 -0.44728207123718D+01  0.50174485604837D+00  0.43634225826944D-02  0.28211593975797D-03  0.11590339787434D-02
 -0.29503417707366D+01  0.20089064598608D+01 -0.21091766804860D+00 -0.13379919455172D-02  0.60604074119660D-04  0.11822250481506D-03
 -0.34683299754916D+01 -0.21897703320813D+01  0.19027221269318D+01 -0.18888557713913D-02 -0.37062752061156D-02  0.42467153810123D-02
