$coord
       -1.59747378921557        1.53313323875821       -0.52416032257866      C
       -1.32609200942171       -1.64388661889504       -0.22920927588777      C
        1.68068213316899        1.40651473334867       -0.29771336409320      C
        1.24645969078367       -1.11325411479200        1.02195447590347      C
       -2.04378049020530        1.52538747309699        1.47671851033028      H
       -2.50411127455865        2.44108634245528       -2.17292252398610      H
       -1.41255721076317       -2.50449091709967       -2.38711574687952      H
       -3.35889781901133       -3.38769202099184        1.28810082144587      H
        3.12665680738590        3.15224655003377       -0.64792344031102      H
        2.48314236479216       -2.73166420297109        1.25595205124579      H
$end
