$hessian                                                                        
        0.6083696462  -0.1473321277  -0.2430408119  -0.0068983570  -0.0071808386
        0.0032898009  -0.3321183674   0.1924967277   0.1194278738   0.0040007990
        0.0296874642  -0.0055304940  -0.2076483347  -0.0748239107   0.1077779881
       -0.0411523554  -0.0061577962   0.0069191328   0.0001827253  -0.0010499331
       -0.0003731750   0.0000269974  -0.0002971159   0.0001932699  -0.0253124370
        0.0145994106   0.0119772174   0.0005496836   0.0000581197  -0.0006408020
       -0.1473321277   0.6487889668  -0.0262767869   0.0067420302   0.0031188567
       -0.0029033356   0.2095884728  -0.2313789194  -0.0725598512   0.0197089388
       -0.0429977885  -0.0040601197  -0.0742573449  -0.0786203531   0.0481207719
       -0.0085043951  -0.2989136894   0.0540404446   0.0002411686  -0.0007534385
       -0.0004875336   0.0002172678   0.0004508384   0.0007467075  -0.0072864510
        0.0055548975   0.0015962929   0.0008824406  -0.0052493705   0.0017834101
       -0.2430408119  -0.0262767869   0.2250717601   0.0013787891   0.0016019564
       -0.0004122773   0.1174767264  -0.0661377709  -0.0812995864  -0.0044303979
       -0.0051456199   0.0030954577   0.1069541454   0.0490301323  -0.0989061280
        0.0072995571   0.0528040617  -0.0437133454   0.0001674437   0.0004788816
        0.0002719723   0.0001334662  -0.0000020534  -0.0004013839   0.0144078318
       -0.0082461793  -0.0055920691  -0.0003467498   0.0018933784   0.0018855999
       -0.0068983570   0.0067420302   0.0013787891   0.7072177696   0.1041952836
       -0.1053934931   0.0084978527  -0.0269975407   0.0016565744  -0.3579281713
       -0.1949812144   0.0806749531   0.0003190303   0.0011331949   0.0003540415
       -0.0002743338   0.0002383411  -0.0002879485  -0.2724360924   0.0890020830
        0.0175615409  -0.0488973119   0.0363205302  -0.0033133274   0.0014659000
        0.0010700529   0.0009421092  -0.0310662863  -0.0167227608   0.0064267609
       -0.0071808386   0.0031188567   0.0016019564   0.1041952836   0.6491343761
       -0.1076141228  -0.0182726270  -0.0430797951   0.0082226306  -0.2125890122
       -0.2320383454   0.0639632669  -0.0004732606  -0.0007501451  -0.0002555958
        0.0002608771   0.0004512796   0.0007292854   0.0880106788  -0.0783323049
       -0.0044752639   0.0389542462  -0.2987912085   0.0388229567   0.0003276368
       -0.0052516089   0.0019677429   0.0067670160   0.0055388955  -0.0029628564
        0.0032898009  -0.0029033356  -0.0004122773  -0.1053934931  -0.1076141228
        0.1257506905   0.0005652690   0.0132015024  -0.0013189091   0.0826378425
        0.0591656873  -0.0548025186  -0.0001898083  -0.0002268376   0.0001428125
       -0.0002222242  -0.0001771897  -0.0000989611   0.0183678806  -0.0040650230
       -0.0342962715  -0.0036949793   0.0391803805  -0.0360903606   0.0006414991
        0.0015654656   0.0009589246   0.0039982129   0.0018734729   0.0001668705
       -0.3321183674   0.2095884728   0.1174767264   0.0084978527  -0.0182726270
        0.0005652690   0.6311254898  -0.1397607271  -0.2290379905  -0.0763717227
       -0.0100412419   0.0091560936  -0.0242271683   0.0128633554   0.0104840159
       -0.0017715334   0.0018770285  -0.0003312984   0.0006765640  -0.0002219991
       -0.0004347207  -0.0026856513  -0.0030919855   0.0021299878  -0.1985094554
       -0.0793636894   0.0915732814  -0.0046160078   0.0264234134  -0.0015813644
        0.1924967277  -0.2313789194  -0.0661377709  -0.0269975407  -0.0430797951
        0.0132015024  -0.1397607271   0.6106244500  -0.0179053686   0.0307399079
       -0.2216680746   0.0250628291  -0.0062350696   0.0080657899   0.0041540824
        0.0242644580  -0.0236329376  -0.0088932405   0.0009859253   0.0003354468
       -0.0023413956  -0.0015439132  -0.0002201999   0.0028542149  -0.0773472907
       -0.0827628643   0.0502422102   0.0033975224  -0.0162828959  -0.0002370636
        0.1194278738  -0.0725598512  -0.0812995864   0.0016565744   0.0082226306
       -0.0013189091  -0.2290379905  -0.0179053686   0.2306265319   0.0012449895
        0.0382619477  -0.0618837482   0.0139181392  -0.0084104304  -0.0055920022
       -0.0033193926   0.0032161707   0.0017780530  -0.0007762895  -0.0009622550
       -0.0055153810   0.0025639400   0.0027353043   0.0119046229   0.0932212979
        0.0489071987  -0.0910929596   0.0011008580  -0.0015053469   0.0023933788
        0.0040007990   0.0197089388  -0.0044303979  -0.3579281713  -0.2125890122
        0.0826378425  -0.0763717227   0.0307399079   0.0012449895   0.7109030773
        0.1029771552  -0.1178884585  -0.0008752336  -0.0003785896  -0.0029233797
        0.0000755700   0.0040988352   0.0064069302  -0.0294009674  -0.0154091956
        0.0067205678   0.0012068435   0.0003993801   0.0007521537  -0.0019471250
       -0.0222863522   0.0047237737  -0.2496630699   0.0927389324   0.0227559788
        0.0296874642  -0.0429977885  -0.0051456199  -0.1949812144  -0.2320383454
        0.0591656873  -0.0100412419  -0.2216680746   0.0382619477   0.1029771552
        0.6110318744  -0.0963501253  -0.0021712896   0.0003344063  -0.0013374727
        0.0029253445  -0.0002105416   0.0014268017   0.0074205143   0.0080560114
       -0.0002716120  -0.0248391308  -0.0236767240   0.0069956052  -0.0028655781
       -0.0163361649   0.0017791472   0.0918879767  -0.0824946531  -0.0045243592
       -0.0055304940  -0.0040601197   0.0030954577   0.0806749531   0.0639632669
       -0.0548025186   0.0091560936   0.0250628291  -0.0618837482  -0.1178884585
       -0.0963501253   0.1504119956  -0.0025782652  -0.0009097482  -0.0039647139
        0.0059711789   0.0004073233   0.0091306263   0.0032976694   0.0007203593
       -0.0003973323   0.0037420503   0.0037047763  -0.0011655462   0.0020355530
        0.0142504820  -0.0002266527   0.0211197194  -0.0067890438  -0.0401975678
       -0.2076483347  -0.0742573449   0.1069541454   0.0003190303  -0.0004732606
       -0.0001898083  -0.0242271683  -0.0062350696   0.0139181392  -0.0008752336
       -0.0021712896  -0.0025782652   0.2327099430   0.0806502440  -0.1271144266
       -0.0012868449  -0.0011956364   0.0024538866   0.0010141388   0.0002089973
       -0.0001547794   0.0001653169  -0.0001338425   0.0003744387  -0.0004366353
        0.0039223806   0.0064241366   0.0002657877  -0.0003151782  -0.0000874669
       -0.0748239107  -0.0786203531   0.0490301323   0.0011331949  -0.0007501451
       -0.0002268376   0.0128633554   0.0080657899  -0.0084104304  -0.0003785896
        0.0003344063  -0.0009097482   0.0806502440   0.0852260413  -0.0542461192
       -0.0222946229  -0.0120699003   0.0143701478  -0.0005070529  -0.0018503799
       -0.0003487088  -0.0002445334   0.0003219019   0.0001855292   0.0039201807
       -0.0007227055   0.0004737774  -0.0003182656   0.0000653445   0.0000822574
        0.1077779881   0.0481207719  -0.0989061280   0.0003540415  -0.0002555958
        0.0001428125   0.0104840159   0.0041540824  -0.0055920022  -0.0029233797
       -0.0013374727  -0.0039647139  -0.1271144266  -0.0542461192   0.0987483720
        0.0063284128   0.0033032773  -0.0009894629  -0.0003830769  -0.0005802398
        0.0002727187  -0.0001544668   0.0001665980   0.0004862580   0.0059174893
        0.0003909960   0.0098436880  -0.0002865975   0.0002837019  -0.0000415422
       -0.0411523554  -0.0085043951   0.0072995571  -0.0002743338   0.0002608771
       -0.0002222242  -0.0017715334   0.0242644580  -0.0033193926   0.0000755700
        0.0029253445   0.0059711789  -0.0012868449  -0.0222946229   0.0063284128
        0.0444294020   0.0018773877  -0.0126351363   0.0001695398   0.0003049968
        0.0003809433   0.0001459555  -0.0000888565  -0.0007475166  -0.0002572727
        0.0006514231  -0.0028744506  -0.0000781271   0.0006033873  -0.0001813718
       -0.0061577962  -0.2989136894   0.0528040617   0.0002383411   0.0004512796
       -0.0001771897   0.0018770285  -0.0236329376   0.0032161707   0.0040988352
       -0.0002105416   0.0004073233  -0.0011956364  -0.0120699003   0.0033032773
        0.0018773877   0.3341123333  -0.0588234686   0.0002036765   0.0003225856
        0.0000559184   0.0000046245   0.0000331570  -0.0001462091  -0.0011159943
        0.0010205817  -0.0006985670   0.0001695333  -0.0011128685   0.0000586830
        0.0069191328   0.0540404446  -0.0437133454  -0.0002879485   0.0007292854
       -0.0000989611  -0.0003312984  -0.0088932405   0.0017780530   0.0064069302
        0.0014268017   0.0091306263   0.0024538866   0.0143701478  -0.0009894629
       -0.0126351363  -0.0588234686   0.0384906919  -0.0001450024   0.0000063730
        0.0004802582  -0.0001758335  -0.0001142729  -0.0011292842  -0.0023598696
       -0.0015723887  -0.0039787046   0.0001551391  -0.0011696819   0.0000301287
        0.0001827253   0.0002411686   0.0001674437  -0.2724360924   0.0880106788
        0.0183678806   0.0006765640   0.0009859253  -0.0007762895  -0.0294009674
        0.0074205143   0.0032976694   0.0010141388  -0.0005070529  -0.0003830769
        0.0001695398   0.0002036765  -0.0001450024   0.3076189453  -0.0967293206
       -0.0237232294  -0.0053977684   0.0029083940   0.0007033752   0.0003364896
        0.0004204027  -0.0001885725  -0.0027635748  -0.0029543868   0.0026798018
       -0.0010499331  -0.0007534385   0.0004788816   0.0890020830  -0.0783323049
       -0.0040650230  -0.0002219991   0.0003354468  -0.0009622550  -0.0154091956
        0.0080560114   0.0007203593   0.0002089973  -0.0018503799  -0.0005802398
        0.0003049968   0.0003225856   0.0000063730  -0.0967293206   0.0849083137
        0.0032476242   0.0264962777  -0.0120213965  -0.0014127069   0.0003028800
        0.0000672695  -0.0001148530  -0.0029047864  -0.0007321073   0.0026818396
       -0.0003731750  -0.0004875336   0.0002719723   0.0175615409  -0.0044752639
       -0.0342962715  -0.0004347207  -0.0023413956  -0.0055153810   0.0067205678
       -0.0002716120  -0.0003973323  -0.0001547794  -0.0003487088   0.0002727187
        0.0003809433   0.0000559184   0.0004802582  -0.0237232294   0.0032476242
        0.0240315308  -0.0031775718   0.0019654148   0.0030791452   0.0000159565
        0.0000447697  -0.0001099441   0.0031844678   0.0026107868   0.0121833037
        0.0000269974   0.0002172678   0.0001334662  -0.0488973119   0.0389542462
       -0.0036949793  -0.0026856513  -0.0015439132   0.0025639400   0.0012068435
       -0.0248391308   0.0037420503   0.0001653169  -0.0002445334  -0.0001544668
        0.0001459555   0.0000046245  -0.0001758335  -0.0053977684   0.0264962777
       -0.0031775718   0.0545058927  -0.0364219755   0.0012222038  -0.0000278593
       -0.0011712216   0.0002250730   0.0009575848  -0.0014516417  -0.0006838819
       -0.0002971159   0.0004508384  -0.0000020534   0.0363205302  -0.2987912085
        0.0391803805  -0.0030919855  -0.0002201999   0.0027353043   0.0003993801
       -0.0236767240   0.0037047763  -0.0001338425   0.0003219019   0.0001665980
       -0.0000888565   0.0000331570  -0.0001142729   0.0029083940  -0.0120213965
        0.0019654148  -0.0364219755   0.3339999545  -0.0465585869  -0.0000984576
       -0.0011158062   0.0001430498   0.0005039292   0.0010194833  -0.0012206105
        0.0001932699   0.0007467075  -0.0004013839  -0.0033133274   0.0388229567
       -0.0360903606   0.0021299878   0.0028542149   0.0119046229   0.0007521537
        0.0069956052  -0.0011655462   0.0003744387   0.0001855292   0.0004862580
       -0.0007475166  -0.0001462091  -0.0011292842   0.0007033752  -0.0014127069
        0.0030791452   0.0012222038  -0.0465585869   0.0285256671  -0.0001124765
       -0.0005948444  -0.0000218753  -0.0012021087  -0.0008926661  -0.0051872430
       -0.0253124370  -0.0072864510   0.0144078318   0.0014659000   0.0003276368
        0.0006414991  -0.1985094554  -0.0773472907   0.0932212979  -0.0019471250
       -0.0028655781   0.0020355530  -0.0004366353   0.0039201807   0.0059174893
       -0.0002572727  -0.0011159943  -0.0023598696   0.0003364896   0.0003028800
        0.0000159565  -0.0000278593  -0.0000984576  -0.0001124765   0.2236499169
        0.0832000594  -0.1128736866   0.0010384781   0.0009630147  -0.0008935950
        0.0145994106   0.0055548975  -0.0082461793   0.0010700529  -0.0052516089
        0.0015654656  -0.0793636894  -0.0827628643   0.0489071987  -0.0222863522
       -0.0163361649   0.0142504820   0.0039223806  -0.0007227055   0.0003909960
        0.0006514231   0.0010205817  -0.0015723887   0.0004204027   0.0000672695
        0.0000447697  -0.0011712216  -0.0011158062  -0.0005948444   0.0832000594
        0.0993797967  -0.0549523134  -0.0010424663   0.0001666044   0.0002068139
        0.0119772174   0.0015962929  -0.0055920691   0.0009421092   0.0019677429
        0.0009589246   0.0915732814   0.0502422102  -0.0910929596   0.0047237737
        0.0017791472  -0.0002266527   0.0064241366   0.0004737774   0.0098436880
       -0.0028744506  -0.0006985670  -0.0039787046  -0.0001885725  -0.0001148530
       -0.0001099441   0.0002250730   0.0001430498  -0.0000218753  -0.1128736866
       -0.0549523134   0.0903221363   0.0000711183  -0.0004364871  -0.0001025436
        0.0005496836   0.0008824406  -0.0003467498  -0.0310662863   0.0067670160
        0.0039982129  -0.0046160078   0.0033975224   0.0011008580  -0.2496630699
        0.0918879767   0.0211197194   0.0002657877  -0.0003182656  -0.0002865975
       -0.0000781271   0.0001695333   0.0001551391  -0.0027635748  -0.0029047864
        0.0031844678   0.0009575848   0.0005039292  -0.0012021087   0.0010384781
       -0.0010424663   0.0000711183   0.2853755318  -0.0993428999  -0.0277940594
        0.0000581197  -0.0052493705   0.0018933784  -0.0167227608   0.0055388955
        0.0018734729   0.0264234134  -0.0162828959  -0.0015053469   0.0927389324
       -0.0824946531  -0.0067890438  -0.0003151782   0.0000653445   0.0002837019
        0.0006033873  -0.0011128685  -0.0011696819  -0.0029543868  -0.0007321073
        0.0026107868  -0.0014516417   0.0010194833  -0.0008926661   0.0009630147
        0.0001666044  -0.0004364871  -0.0993428999   0.0990815676   0.0041318857
       -0.0006408020   0.0017834101   0.0018855999   0.0064267609  -0.0029628564
        0.0001668705  -0.0015813644  -0.0002370636   0.0023933788   0.0227559788
       -0.0045243592  -0.0401975678  -0.0000874669   0.0000822574  -0.0000415422
       -0.0001813718   0.0000586830   0.0000301287   0.0026798018   0.0026818396
        0.0121833037  -0.0006838819  -0.0012206105  -0.0051872430  -0.0008935950
        0.0002068139  -0.0001025436  -0.0277940594   0.0041318857   0.0288696149
