           1           2  0.12470225840016155     
           1           3   1.9010785062585214     
           2           4   1.9010780788428177     
           3           4   1.1021542927819490     
           1           5  0.97446618345874936     
           1           6  0.97868925275532492     
           2           7  0.97446599862677064     
           2           8  0.97869174048995333     
           3           9  0.96671645033995812     
           4          10  0.96671526578862366     
