 -1.0
  0.23692623993186D+01 -0.85502334243227D+00  0.51808888972716D-01 -0.23270747731692D-03  0.11953599837906D-03 -0.25338836430915D-03
  0.16963546964034D+00  0.84579055166546D+00  0.14160354476477D+00  0.20936332347788D-03 -0.54830263530822D-03  0.52224958227213D-04
 -0.22299084751653D+01 -0.37298095851157D+00  0.29687767920418D-01  0.11326010940703D-03  0.29751105910279D-03 -0.17595456180458D-04
 -0.24123437023988D+01 -0.15797212617870D+00 -0.17604914386529D+01  0.84425864977157D-03 -0.70107468300470D-03 -0.94423850284380D-04
  0.43078452710565D+00  0.19387602599940D+01  0.20505429665296D+01 -0.31506934715058D-03  0.13870817333089D-03 -0.80319340324054D-03
  0.33306557616569D+00  0.25124087414650D+01 -0.13993342961802D+01 -0.16199180000428D-02 -0.18728865169910D-03 -0.56193490020974D-04
  0.35184984626149D+01  0.48691076904616D+00 -0.10694425968401D+01 -0.13520370679021D-02  0.10190667545768D-02  0.19736157285599D-02
  0.23013598660874D+01 -0.13798894381838D+01  0.23054605568392D+01  0.68626662876664D-03 -0.31906592518666D-03  0.59017102822825D-03
  0.14877258384201D+01 -0.24803621349438D+01 -0.53575297258129D+00  0.22478525144050D-03  0.43945726810638D-03  0.10876613581356D-02
