$hessian                                                                        
        0.3865779946   0.1121932333   0.2414396671   0.0011055569   0.0057330202
       -0.0013177359  -0.1137367756  -0.1410278551  -0.0481949295   0.0058088460
        0.0004781619   0.0045295256  -0.1860894880  -0.0380215710  -0.1304774996
       -0.0837594932   0.0816655232  -0.0608537338  -0.0000192534   0.0001415674
       -0.0000133163   0.0004303177   0.0006615552  -0.0000326963  -0.0106236785
       -0.0233718904  -0.0057834045   0.0003059735   0.0015482552   0.0007041231
        0.1121932333   0.7830815350  -0.0181472953   0.0057304050   0.0078697497
        0.0039823011  -0.1539951182  -0.4667750686  -0.0623567660  -0.0022215200
       -0.0618347704   0.0086770043  -0.0387327052  -0.0544727278  -0.0305680558
        0.0835951570  -0.1988119665   0.1027270370   0.0002917837   0.0000889765
        0.0002307268  -0.0003591831  -0.0011137482  -0.0000637895  -0.0055073143
       -0.0090563743  -0.0032760144  -0.0009947383   0.0010243945  -0.0012051482
        0.2414396671  -0.0181472953   0.3101520006  -0.0013265918   0.0039893905
       -0.0003420666  -0.0459798038  -0.0509210550  -0.0642797552   0.0049732829
        0.0110765482   0.0031282721  -0.1303202356  -0.0298968522  -0.1424754673
       -0.0611891069   0.1010292933  -0.1022610282  -0.0000488604   0.0001039711
       -0.0000740675   0.0001432037   0.0008297685   0.0003192552  -0.0088443946
       -0.0191255725  -0.0041829049   0.0011528394   0.0010618033   0.0000157617
        0.0011055569   0.0057304050  -0.0013265918   0.3883530315   0.1112645853
        0.2411567584   0.0058445548   0.0004913245   0.0045029449  -0.1140855306
       -0.1412294605  -0.0482159650  -0.0000197682   0.0001424806  -0.0000058654
        0.0004469491   0.0006669113  -0.0000378999  -0.1870806704  -0.0375989225
       -0.1301179937  -0.0841644941   0.0824123645  -0.0608837820   0.0003065007
        0.0015640634   0.0006994473  -0.0107061297  -0.0234437516  -0.0057710527
        0.0057330202   0.0078697497   0.0039893905   0.1112645853   0.7838889209
       -0.0186590147  -0.0021841402  -0.0618838093   0.0086227571  -0.1541952546
       -0.4667323765  -0.0623814221   0.0002927874   0.0000845745   0.0002448992
       -0.0003426684  -0.0011130096  -0.0000610152  -0.0383727005  -0.0542646618
       -0.0299483181   0.0843437860  -0.1998690159   0.1026206144  -0.0010156827
        0.0010327015  -0.0011849207  -0.0055237326  -0.0090130735  -0.0032429704
       -0.0013177359   0.0039823011  -0.0003420666   0.2411567584  -0.0186590147
        0.3080176686   0.0049625372   0.0110247868   0.0031182641  -0.0460088258
       -0.0509696689  -0.0641176425  -0.0000313225   0.0001016220  -0.0000874989
        0.0001287330   0.0008335887   0.0003398684  -0.1299975696  -0.0292881703
       -0.1412751748  -0.0612075282   0.1009556885  -0.1015316417   0.0011296552
        0.0010676739   0.0000525895  -0.0088147019  -0.0190488071  -0.0041743662
       -0.1137367756  -0.1539951182  -0.0459798038   0.0058445548  -0.0021841402
        0.0049625372   0.4049476086   0.1295859532   0.2363398903  -0.0996493674
        0.0601067909  -0.0501052449  -0.0113360871  -0.0231692312  -0.0063190620
        0.0036859169   0.0117215091   0.0010287225  -0.0016840114  -0.0011849188
        0.0036490369   0.0054287974  -0.0035924125  -0.0061553460  -0.1820763351
       -0.0331519788  -0.1230732626  -0.0114243012   0.0158635465  -0.0143474676
       -0.1410278551  -0.4667750686  -0.0509210550   0.0004913245  -0.0618838093
        0.0110247868   0.1295859532   0.7620830523   0.0047102416   0.0602082507
       -0.1464257591   0.0685882721  -0.0063176883  -0.0077514665  -0.0041842913
       -0.0072337222  -0.0275220626  -0.0016554952   0.0017293979   0.0010866650
        0.0003612559  -0.0023439578  -0.0038966628   0.0008002372  -0.0346102444
       -0.0515506332  -0.0282316026  -0.0004814585   0.0026357447  -0.0004923495
       -0.0481949295  -0.0623567660  -0.0642797552   0.0045029449   0.0086227571
        0.0031182641   0.2363398903   0.0047102416   0.3218670375  -0.0501497480
        0.0687363237  -0.1102946970  -0.0092092628  -0.0191906969  -0.0046213393
        0.0042619998   0.0151023783   0.0014564657   0.0031556128  -0.0021793607
       -0.0024590069  -0.0063585511  -0.0003067775   0.0075630736  -0.1227469062
       -0.0269787687  -0.1416125459  -0.0116010501   0.0138406692  -0.0107374967
        0.0058088460  -0.0022215200   0.0049732829  -0.1140855306  -0.1541952546
       -0.0460088258  -0.0996493674   0.0602082507  -0.0501497480   0.4060797362
        0.1296390190   0.2359494148  -0.0017016588  -0.0011735419   0.0036314466
        0.0054681151  -0.0036092911  -0.0061382325  -0.0114251583  -0.0232549274
       -0.0063594916   0.0037068454   0.0117455375   0.0010446900  -0.0114024600
        0.0158220941  -0.0143616958  -0.1827993677  -0.0329603664  -0.1225808405
        0.0004781619  -0.0618347704   0.0110765482  -0.1412294605  -0.4667323765
       -0.0509696689   0.0601067909  -0.1464257591   0.0687363237   0.1296390190
        0.7619324473   0.0043816585   0.0017062312   0.0011010545   0.0003688601
       -0.0023496024  -0.0038950700   0.0007818658  -0.0063088152  -0.0077272533
       -0.0042017136  -0.0072617404  -0.0275082174  -0.0016642796  -0.0004001988
        0.0026147862  -0.0005825360  -0.0343803856  -0.0515248414  -0.0279270582
        0.0045295256   0.0086770043   0.0031282721  -0.0482159650  -0.0623814221
       -0.0641176425  -0.0501052449   0.0685882721  -0.1102946970   0.2359494148
        0.0043816585   0.3205517529   0.0031507634  -0.0021678488  -0.0024128796
       -0.0063711897  -0.0002864689   0.0075281321  -0.0092169650  -0.0191142007
       -0.0046175184   0.0042442595   0.0150304981   0.0014650566  -0.0116179676
        0.0138867985  -0.0108106834  -0.1223466312  -0.0266142907  -0.1404197929
       -0.1860894880  -0.0387327052  -0.1303202356  -0.0000197682   0.0002927874
       -0.0000313225  -0.0113360871  -0.0063176883  -0.0092092628  -0.0017016588
        0.0017062312   0.0031507634   0.2019382395   0.0482084968   0.1520739025
       -0.0088918724  -0.0019118051  -0.0100290803   0.0000429762   0.0002369805
        0.0000365757   0.0002787659   0.0000113800  -0.0001553300   0.0052920935
       -0.0031449503  -0.0058403387   0.0004867994  -0.0003487269   0.0003243283
       -0.0380215710  -0.0544727278  -0.0298968522   0.0001424806   0.0000845745
        0.0001016220  -0.0231692312  -0.0077514665  -0.0191906969  -0.0011735419
        0.0011010545  -0.0021678488   0.0482084968   0.0625007771   0.0357783894
        0.0161327764   0.0032050946   0.0142412318   0.0002440750   0.0001851411
        0.0001735361   0.0000726951   0.0000661089   0.0001276431  -0.0029188547
       -0.0043555333   0.0002824608   0.0004826749  -0.0005630230   0.0005505148
       -0.1304774996  -0.0305680558  -0.1424754673  -0.0000058654   0.0002448992
       -0.0000874989  -0.0063190620  -0.0041842913  -0.0046213393   0.0036314466
        0.0003688601  -0.0024128796   0.1520739025   0.0357783894   0.1502503848
       -0.0130890302  -0.0017710608  -0.0085372967   0.0000406448   0.0001733174
       -0.0000455630  -0.0001652699   0.0000741527   0.0002915664  -0.0058750098
        0.0000684475   0.0072527987   0.0001857430  -0.0001846583   0.0003852948
       -0.0837594932   0.0835951570  -0.0611891069   0.0004469491  -0.0003426684
        0.0001287330   0.0036859169  -0.0072337222   0.0042619998   0.0054681151
       -0.0023496024  -0.0063711897  -0.0088918724   0.0161327764  -0.0130890302
        0.0849833801  -0.0893265350   0.0719363892   0.0002736211   0.0000663610
       -0.0001564042  -0.0008794907   0.0000320091   0.0009999625  -0.0014740582
       -0.0002785845   0.0032248394   0.0001469321  -0.0002951910   0.0002538072
        0.0816655232  -0.1988119665   0.1010292933   0.0006669113  -0.0011130096
        0.0008335887   0.0117215091  -0.0275220626   0.0151023783  -0.0036092911
       -0.0038950700  -0.0002864689  -0.0019118051   0.0032050946  -0.0017710608
       -0.0893265350   0.2275632182  -0.1143743259   0.0000133791   0.0000632669
        0.0000786004   0.0000342386  -0.0004838669  -0.0002289285   0.0010718601
        0.0008442203  -0.0000567461  -0.0003257902   0.0001501756  -0.0003263306
       -0.0608537338   0.1027270370  -0.1022610282  -0.0000378999  -0.0000610152
        0.0003398684   0.0010287225  -0.0016554952   0.0014564657  -0.0061382325
        0.0007818658   0.0075281321  -0.0100290803   0.0142412318  -0.0085372967
        0.0719363892  -0.1143743259   0.1042753450  -0.0001487194   0.0001237209
        0.0002877661   0.0009940417  -0.0002309598  -0.0010941539   0.0029930995
       -0.0012523187  -0.0021807026   0.0002554130  -0.0002997408   0.0001856040
       -0.0000192534   0.0002917837  -0.0000488604  -0.1870806704  -0.0383727005
       -0.1299975696  -0.0016840114   0.0017293979   0.0031556128  -0.0114251583
       -0.0063088152  -0.0092169650   0.0000429762   0.0002440750   0.0000406448
        0.0002736211   0.0000133791  -0.0001487194   0.2031069429   0.0478115279
        0.1517304086  -0.0089625433  -0.0018937823  -0.0100052563   0.0004928970
       -0.0003614088   0.0003295248   0.0052551995  -0.0031534569  -0.0058388204
        0.0001415674   0.0000889765   0.0001039711  -0.0375989225  -0.0542646618
       -0.0292881703  -0.0011849188   0.0010866650  -0.0021793607  -0.0232549274
       -0.0077272533  -0.0191142007   0.0002369805   0.0001851411   0.0001733174
        0.0000663610   0.0000632669   0.0001237209   0.0478115279   0.0623127692
        0.0351483893   0.0162186403   0.0031740083   0.0141973258   0.0004788370
       -0.0005674511   0.0005561383  -0.0029151454  -0.0043514609   0.0002788688
       -0.0000133163   0.0002307268  -0.0000740675  -0.1301179937  -0.0299483181
       -0.1412751748   0.0036490369   0.0003612559  -0.0024590069  -0.0063594916
       -0.0042017136  -0.0046175184   0.0000365757   0.0001735361  -0.0000455630
       -0.0001564042   0.0000786004   0.0002877661   0.1517304086   0.0351483893
        0.1489123188  -0.0130590736  -0.0017333282  -0.0084218187   0.0001832734
       -0.0001824716   0.0003814943  -0.0058930151   0.0000733230   0.0073115702
        0.0004303177  -0.0003591831   0.0001432037  -0.0841644941   0.0843437860
       -0.0612075282   0.0054287974  -0.0023439578  -0.0063585511   0.0037068454
       -0.0072617404   0.0042442595   0.0002787659   0.0000726951  -0.0001652699
       -0.0008794907   0.0000342386   0.0009940417  -0.0089625433   0.0162186403
       -0.0130590736   0.0854729592  -0.0901158135   0.0719348480   0.0001280234
       -0.0003016901   0.0002679760  -0.0014391809  -0.0002869750   0.0032060940
        0.0006615552  -0.0011137482   0.0008297685   0.0824123645  -0.1998690159
        0.1009556885  -0.0035924125  -0.0038966628  -0.0003067775   0.0117455375
       -0.0275082174   0.0150304981   0.0000113800   0.0000661089   0.0000741527
        0.0000320091  -0.0004838669  -0.0002309598  -0.0018937823   0.0031740083
       -0.0017333282  -0.0901158135   0.2286368833  -0.1142347931  -0.0003242983
        0.0001452895  -0.0003302787   0.0010634603   0.0008492211  -0.0000539703
       -0.0000326963  -0.0000637895   0.0003192552  -0.0608837820   0.1026206144
       -0.1015316417  -0.0061553460   0.0008002372   0.0075630736   0.0010446900
       -0.0016642796   0.0014650566  -0.0001553300   0.0001276431   0.0002915664
        0.0009999625  -0.0002289285  -0.0010941539  -0.0100052563   0.0141973258
       -0.0084218187   0.0719348480  -0.1142347931   0.1034292899   0.0002661805
       -0.0003067262   0.0001803417   0.0029867295  -0.0012473037  -0.0022009692
       -0.0106236785  -0.0055073143  -0.0088443946   0.0003065007  -0.0010156827
        0.0011296552  -0.1820763351  -0.0346102444  -0.1227469062  -0.0114024600
       -0.0004001988  -0.0116179676   0.0052920935  -0.0029188547  -0.0058750098
       -0.0014740582   0.0010718601   0.0029930995   0.0004928970   0.0004788370
        0.0001832734   0.0001280234  -0.0003242983   0.0002661805   0.1988200382
        0.0415679314   0.1469953647   0.0005369789   0.0016579647  -0.0024832952
       -0.0233718904  -0.0090563743  -0.0191255725   0.0015640634   0.0010327015
        0.0010676739  -0.0331519788  -0.0515506332  -0.0269787687   0.0158220941
        0.0026147862   0.0138867985  -0.0031449503  -0.0043555333   0.0000684475
       -0.0002785845   0.0008442203  -0.0012523187  -0.0003614088  -0.0005674511
       -0.0001824716  -0.0003016901   0.0001452895  -0.0003067262   0.0415679314
        0.0642857668   0.0302746775   0.0016564139  -0.0033927725   0.0025482603
       -0.0057834045  -0.0032760144  -0.0041829049   0.0006994473  -0.0011849207
        0.0000525895  -0.1230732626  -0.0282316026  -0.1416125459  -0.0143616958
       -0.0005825360  -0.0108106834  -0.0058403387   0.0002824608   0.0072527987
        0.0032248394  -0.0000567461  -0.0021807026   0.0003295248   0.0005561383
        0.0003814943   0.0002679760  -0.0003302787   0.0001803417   0.1469953647
        0.0302746775   0.1505248432  -0.0024584505   0.0025488219   0.0003947694
        0.0003059735  -0.0009947383   0.0011528394  -0.0107061297  -0.0055237326
       -0.0088147019  -0.0114243012  -0.0004814585  -0.0116010501  -0.1827993677
       -0.0343803856  -0.1223466312   0.0004867994   0.0004826749   0.0001857430
        0.0001469321  -0.0003257902   0.0002554130   0.0052551995  -0.0029151454
       -0.0058930151  -0.0014391809   0.0010634603   0.0029867295   0.0005369789
        0.0016564139  -0.0024584505   0.1996370960   0.0414187014   0.1465331238
        0.0015482552   0.0010243945   0.0010618033  -0.0234437516  -0.0090130735
       -0.0190488071   0.0158635465   0.0026357447   0.0138406692  -0.0329603664
       -0.0515248414  -0.0266142907  -0.0003487269  -0.0005630230  -0.0001846583
       -0.0002951910   0.0001501756  -0.0002997408  -0.0031534569  -0.0043514609
        0.0000733230  -0.0002869750   0.0008492211  -0.0012473037   0.0016579647
       -0.0033927725   0.0025488219   0.0414187014   0.0641856355   0.0298701832
        0.0007041231  -0.0012051482   0.0000157617  -0.0057710527  -0.0032429704
       -0.0041743662  -0.0143474676  -0.0004923495  -0.0107374967  -0.1225808405
       -0.0279270582  -0.1404197929   0.0003243283   0.0005505148   0.0003852948
        0.0002538072  -0.0003263306   0.0001856040  -0.0058388204   0.0002788688
        0.0073115702   0.0032060940  -0.0000539703  -0.0022009692  -0.0024832952
        0.0025482603   0.0003947694   0.1465331238   0.0298701832   0.1492396249
