           1           2  0.14450837377568304     
           1           3   1.8878870724079486     
           2           4   1.8878942131139074     
           3           4   1.1179724481484847     
           1           5  0.97614358340974305     
           1           6  0.97915845909138510     
           2           7  0.97611749323278540     
           2           8  0.97917047586498296     
           3           9  0.96429608368050079     
           4          10  0.96429318949223175     
