 -1.0
 -0.29608217133428D+00  0.30065468722194D+01  0.40008490536739D+00  0.76677982977995D-04 -0.21077022559418D-03 -0.77760086082705D-03
 -0.11294178304757D+01 -0.30798725944274D+01  0.26911871366316D-01  0.33669808425904D-03  0.13567258297433D-03  0.29813278002784D-03
  0.69166928843734D+00  0.14350086630246D+01 -0.10113180499653D+01 -0.22934485913942D-03 -0.63955761179378D-03  0.66160433100094D-03
  0.59118069254161D+00 -0.12292420363200D+01  0.32506162881882D+00 -0.31861004686006D-03  0.67126805850388D-03 -0.90620103788465D-03
 -0.19129096266776D+01  0.30794193287521D+01  0.17959740856207D+01 -0.38365747458785D-02  0.48681866578456D-02  0.55789711810624D-02
  0.13812951675620D+00  0.50329153910685D+01  0.18488474986487D+00  0.19026041268127D-02 -0.26397180681657D-02  0.10258474318130D-02
 -0.31564371203705D+01 -0.34044204882641D+01  0.39158206718681D+00  0.29030859649198D-02 -0.26372349223643D-02  0.11436730346871D-02
 -0.53678101707096D-01 -0.51268742577266D+01  0.13021824549217D+01 -0.17619365172146D-02  0.16061229461195D-02  0.19668674796230D-03
  0.14747220799989D+01  0.15520956485391D+01 -0.28253388776781D+01  0.31205910655091D-02  0.20293242845525D-02  0.17321542251982D-02
  0.21536975718004D+01 -0.17845419365483D+01  0.20131644188576D+01 -0.71137900404416D-03 -0.27055687464739D-02 -0.98078168137393D-03
