$coord
       -0.37952131982297        3.61907798330250       -0.44037829095158      C
       -0.11046690141602       -3.70350701054642        0.48453274043473      C
        0.72912618444046        1.33528894621952        0.08583367207677      C
       -0.44675087033899       -1.19422915946471        0.09195475581195      C
       -2.12202793581775        3.33739734934232       -1.92545673968276      H
        0.59644960590596        5.30879467382996       -0.04710360701141      H
        0.69332292968676       -3.90725665410970        2.02051248459994      H
       -1.70589380464563       -4.88192533718550       -0.21462034471514      H
        3.11516350081419        1.44341198024787       -0.74339630223323      H
       -1.15323790541442       -1.04129269633954       -2.00708299575350      H
$end
