$hessian                                                                        
        0.5936424073  -0.0441437041  -0.0007841402  -0.1560467134   0.1286942621
       -0.0034063520  -0.2470013050   0.0418054116   0.0140405352  -0.0490175753
       -0.0484919806   0.0010272868   0.0292447332   0.0009681272  -0.0032141766
       -0.0174718850   0.0147218651  -0.0017151993  -0.0008506569  -0.0027518092
        0.0011020302  -0.1182008297  -0.1154041780  -0.0159721156  -0.0194405002
        0.0280737544   0.0044204531  -0.0143537329   0.0034074805  -0.0005342447
        0.0004927205  -0.0029665733   0.0042718439   0.0002513112  -0.0042667210
       -0.0010720801  -0.0009247006   0.0001577104  -0.0002881372  -0.0006264780
        0.0006932419   0.0015198170   0.0003032049  -0.0004968869   0.0006044794
       -0.0441437041   0.7453269632   0.0378038353   0.1685065558  -0.3867449355
       -0.0052276804  -0.0168131110  -0.0834762670  -0.0054038767  -0.0169412976
        0.0168820428   0.0038744849  -0.0145877934  -0.0506114674  -0.0047619665
        0.0116785166  -0.0046218535   0.0046173522   0.0056720035  -0.0003922616
        0.0009454884  -0.1161764521  -0.2225566459  -0.0205240321   0.0049278310
       -0.0038423483  -0.0045811233   0.0263237166  -0.0044511065  -0.0030829267
       -0.0043869192  -0.0028720963  -0.0016868118  -0.0031702559  -0.0037865091
        0.0000869244   0.0003617361   0.0007415182  -0.0000863423  -0.0010811203
        0.0001271002  -0.0011898756  -0.0001697061   0.0002778666  -0.0007834496
       -0.0007841402   0.0378038353   0.1135881021  -0.0012455576  -0.0140644552
       -0.0382375516   0.0045051286  -0.0075091421  -0.0498744690   0.0041054440
        0.0040133533   0.0007180686   0.0053596937  -0.0012244156   0.0011230844
       -0.0030042086   0.0007647912  -0.0057554445  -0.0002717978  -0.0016620396
        0.0008199603  -0.0132751822  -0.0202746410  -0.0354648005  -0.0019157783
        0.0029546569   0.0002953835   0.0049025022  -0.0007913613   0.0006559690
        0.0031648010  -0.0007117003   0.0103751620  -0.0016418656   0.0008992867
        0.0016252546  -0.0000866749   0.0000967620  -0.0000106578  -0.0001233663
       -0.0003072774  -0.0000990050   0.0003110020   0.0000123470   0.0002409439
       -0.1560467134   0.1685065558  -0.0012455576   0.6244580683  -0.1022318984
        0.0613390599  -0.0374272806   0.0257478504   0.0004198891   0.0030065514
        0.0053265241   0.0007634145  -0.1120203735  -0.0881404492  -0.0151242074
       -0.0235436934  -0.0160375856  -0.0056705570  -0.0115128738  -0.0059018878
       -0.0045510832   0.0061728169  -0.0145668308   0.0001779948  -0.2921142394
        0.0182992613  -0.0362966720  -0.0059114513   0.0005865969   0.0013098695
        0.0009080036  -0.0004196331  -0.0000256928   0.0067459537   0.0094003361
        0.0007258670  -0.0032405749  -0.0004176828  -0.0021036465  -0.0001280356
        0.0000972318   0.0007518516   0.0006538421  -0.0002483888  -0.0004705297
        0.1286942621  -0.3867449355  -0.0140644552  -0.1022318984   0.6981277105
        0.0360468325   0.0571944131   0.0052805682  -0.0008790566  -0.0096029296
       -0.0237467431  -0.0005388660  -0.0515591414  -0.1977016058  -0.0147734872
       -0.0273303573   0.0140317002  -0.0101384993  -0.0188862448  -0.0084605677
       -0.0065141908   0.0101201390  -0.0293522121  -0.0022563391   0.0191467988
       -0.0448306018   0.0101620997   0.0002271136   0.0007589499   0.0001496923
        0.0008693484  -0.0012414948   0.0040338866  -0.0093739216  -0.0266571433
       -0.0053289241   0.0006511286  -0.0004699327   0.0001035554   0.0001220122
        0.0001297905   0.0016651499   0.0019592772   0.0008765174   0.0023326018
       -0.0034063520  -0.0052276804  -0.0382375516   0.0613390599   0.0360468325
        0.1314326121   0.0036926805   0.0015550257   0.0007443799  -0.0012175747
       -0.0011185921  -0.0002764323  -0.0169912290  -0.0218461479  -0.0542502961
        0.0018514942   0.0086637874  -0.0021940117  -0.0159301160  -0.0227328208
       -0.0054375213   0.0012355635  -0.0036331312  -0.0013398803  -0.0353942944
        0.0032245351  -0.0347662218   0.0002275162  -0.0004696041   0.0034234053
       -0.0000580046   0.0000786306   0.0003537828   0.0052369506   0.0072041375
        0.0008457543   0.0028308467  -0.0000938795   0.0012708621  -0.0047756816
       -0.0003608077  -0.0022054672   0.0013591406  -0.0012902852   0.0006365856
       -0.2470013050  -0.0168131110   0.0045051286  -0.0374272806   0.0571944131
        0.0036926805   0.6073697605   0.0699396199  -0.0408518435  -0.2056744473
       -0.1579070441   0.0173010374  -0.0206021908  -0.0120504138   0.0037251144
        0.0288310801  -0.0135230978  -0.0003346866  -0.0013321480   0.0027144593
       -0.0007144905  -0.0189109477  -0.0011672002   0.0018794922   0.0008888956
        0.0022576154  -0.0035503442  -0.0822497201   0.0903282023   0.0181418785
       -0.0241391763  -0.0244653284  -0.0029104827  -0.0009272575   0.0001145496
        0.0003560532   0.0015594842   0.0035003445   0.0011203629  -0.0006775390
       -0.0006066369  -0.0016387126   0.0002927919   0.0004836280  -0.0007211878
        0.0418054116  -0.0834762670  -0.0075091421   0.0257478504   0.0052805682
        0.0015550257   0.0699396199   0.7264676669   0.0365025042  -0.1966708257
       -0.3356905804   0.0106133236  -0.0086931892  -0.0009727107   0.0051856685
        0.0015930626  -0.0507318321  -0.0058291136  -0.0054140274   0.0000507465
        0.0015943882  -0.0242390294  -0.0001112582  -0.0007981222   0.0035955220
       -0.0039115257  -0.0014389085   0.0910275128  -0.2539277040  -0.0340603399
       -0.0021186723   0.0008363406  -0.0036093325  -0.0001018910   0.0007810905
       -0.0001162242   0.0023389855  -0.0048244224  -0.0003507302   0.0010990816
        0.0000533566  -0.0010477512   0.0000905885   0.0001765313  -0.0006912458
        0.0140405352  -0.0054038767  -0.0498744690   0.0004198891  -0.0008790566
        0.0007443799  -0.0408518435   0.0365025042   0.1178000655   0.0134777384
       -0.0016369895  -0.0398363000   0.0044686486   0.0015010663  -0.0063896851
       -0.0081906527   0.0004912508   0.0016283410   0.0001707830  -0.0019409560
        0.0009083254  -0.0031861702   0.0000743943   0.0009576336  -0.0022942746
       -0.0005209532   0.0110171708   0.0154493042  -0.0332695675  -0.0389405461
        0.0047011216   0.0050094762   0.0003470593   0.0001874715   0.0000772228
       -0.0000605660   0.0017839897   0.0002204687   0.0013440545   0.0001360936
       -0.0002491781   0.0000259893  -0.0003126339   0.0000241942   0.0003285467
       -0.0490175753  -0.0169412976   0.0041054440   0.0030065514  -0.0096029296
       -0.0012175747  -0.2056744473  -0.1966708257   0.0134777384   0.6427689710
        0.1136983456  -0.1033942585  -0.0155635944   0.0214631269   0.0054739215
       -0.0897243444   0.0687081538   0.0166523841  -0.0061517801   0.0033736390
        0.0035487174  -0.0059468102   0.0004211362  -0.0003550417   0.0008476271
        0.0000996709   0.0006143395   0.0056944708   0.0086328116  -0.0011318717
       -0.2829226429   0.0195940523   0.0616602225  -0.0032317424   0.0008659738
        0.0025171915   0.0053624819  -0.0137020645  -0.0020964500   0.0002195794
       -0.0001589453  -0.0007142465   0.0003332554   0.0002191528   0.0008594842
       -0.0484919806   0.0168820428   0.0040133533   0.0053265241  -0.0237467431
       -0.0011185921  -0.1579070441  -0.3356905804  -0.0016369895   0.1136983456
        0.6641928875   0.0388988518   0.0309187372   0.0064948754  -0.0138583527
        0.0329552039  -0.2165518703  -0.0214917904   0.0178843742  -0.0120286527
       -0.0088905818   0.0008420258   0.0007229665   0.0002565747  -0.0008071856
       -0.0011338271   0.0040826929  -0.0157876010  -0.0291029245  -0.0008949133
        0.0194340327  -0.0449664525   0.0024297158  -0.0002160438  -0.0005059240
       -0.0002141709   0.0037735973  -0.0258452202  -0.0057572593   0.0000300340
        0.0001648737   0.0017933905  -0.0016530197   0.0011145491   0.0023880709
        0.0010272868   0.0038744849   0.0007180686   0.0007634145  -0.0005388660
       -0.0002764323   0.0173010374   0.0106133236  -0.0398363000  -0.1033942585
        0.0388988518   0.1473681963   0.0010224231   0.0068925193  -0.0027089706
        0.0170979473  -0.0322718901  -0.0575199173   0.0124052815  -0.0254081014
       -0.0071819409   0.0006375030  -0.0004805199   0.0034842039   0.0000144055
        0.0000514604   0.0003211399  -0.0026244935  -0.0044995994  -0.0011096787
        0.0596871528  -0.0042681275  -0.0441484085  -0.0023914571   0.0002587661
        0.0013054832  -0.0044402560   0.0090341683   0.0014395594   0.0044293347
       -0.0010789495  -0.0025778325  -0.0015353215  -0.0010775206   0.0007228295
        0.0292447332  -0.0145877934   0.0053596937  -0.1120203735  -0.0515591414
       -0.0169912290  -0.0206021908  -0.0086931892   0.0044686486  -0.0155635944
        0.0309187372   0.0010224231   0.4733104252  -0.0083520851   0.1634153222
       -0.1491751503  -0.0055331970   0.0329687513  -0.0827160092  -0.0146756665
       -0.1255229597   0.0000155835   0.0032856825  -0.0004519646  -0.0165807458
       -0.0213863542  -0.0110715762  -0.0001503842  -0.0002394104  -0.0000718644
       -0.0016752086   0.0030317457  -0.0060331031  -0.0839633241   0.0870774403
       -0.0359202598  -0.0130177503   0.0007153419  -0.0026464478  -0.0051574216
       -0.0000840391  -0.0049621413  -0.0019485891   0.0000819285  -0.0035632932
        0.0009681272  -0.0506114674  -0.0012244156  -0.0881404492  -0.1977016058
       -0.0218461479  -0.0120504138  -0.0009727107   0.0015010663   0.0214631269
        0.0064948754   0.0068925193  -0.0083520851   0.5777198489  -0.0456787234
        0.0209161675  -0.0600695209   0.0107996140  -0.0009385060  -0.0525582341
       -0.0046917477   0.0024217292  -0.0037522982  -0.0010176529  -0.0007005676
        0.0004458268  -0.0032851228  -0.0005539834   0.0007588639  -0.0010171680
        0.0012032727  -0.0028758481  -0.0034529972   0.0853341714  -0.2155730918
        0.0757950002  -0.0166719291   0.0004216174  -0.0076488087  -0.0223918593
       -0.0013700053  -0.0143973077   0.0174931985  -0.0003562501   0.0092718920
       -0.0032141766  -0.0047619665   0.0011230844  -0.0151242074  -0.0147734872
       -0.0542502961   0.0037251144   0.0051856685  -0.0063896851   0.0054739215
       -0.0138583527  -0.0027089706   0.1634153222  -0.0456787234   0.3110145724
       -0.0183449589   0.0160443021  -0.0173986932  -0.0790365851  -0.0114304342
       -0.1607847261  -0.0002470627  -0.0001713472   0.0107133337  -0.0031040174
       -0.0037339570   0.0028464486  -0.0000109740   0.0001191830  -0.0007790648
        0.0007718235  -0.0010578693   0.0023826640  -0.0378852887   0.0744275297
       -0.0633347707   0.0089805743   0.0002594818   0.0012709249  -0.0099142956
       -0.0020252280  -0.0100417415  -0.0154851896   0.0014552004  -0.0136630800
       -0.0174718850   0.0116785166  -0.0030042086  -0.0235436934  -0.0273303573
        0.0018514942   0.0288310801   0.0015930626  -0.0081906527  -0.0897243444
        0.0329552039   0.0170979473  -0.1491751503   0.0209161675  -0.0183449589
        0.4455109074   0.0240117704  -0.1810689127  -0.0616363498   0.0157422635
        0.1139338335  -0.0000082000   0.0003614637  -0.0001343745  -0.0018726138
       -0.0032270262   0.0058353538  -0.0007814679  -0.0037369206   0.0013523386
       -0.0114160223   0.0228844164   0.0119757472  -0.0109139431   0.0011066110
        0.0025944171  -0.1044943194  -0.0971920179   0.0504062365  -0.0005341460
       -0.0002212143   0.0017804123  -0.0027698519   0.0004580607   0.0039153269
        0.0147218651  -0.0046218535   0.0007647912  -0.0160375856   0.0140317002
        0.0086637874  -0.0135230978  -0.0507318321   0.0004912508   0.0687081538
       -0.2165518703  -0.0322718901  -0.0055331970  -0.0600695209   0.0160443021
        0.0240117704   0.5734603006  -0.0199050733   0.0023639345  -0.0553239872
       -0.0235712523   0.0005672411   0.0006223019  -0.0010706455  -0.0016913176
       -0.0021773151  -0.0042374756  -0.0029636055  -0.0027712004  -0.0009082855
        0.0022737463  -0.0032845335  -0.0052098119   0.0175935298  -0.0023088011
       -0.0096862679  -0.0953236344  -0.1877287550   0.0776606857   0.0208748894
       -0.0048461787  -0.0170489096  -0.0160426925   0.0023015450   0.0102847945
       -0.0017151993   0.0046173522  -0.0057554445  -0.0056705570  -0.0101384993
       -0.0021940117  -0.0003346866  -0.0058291136   0.0016283410   0.0166523841
       -0.0214917904  -0.0575199173   0.0329687513   0.0107996140  -0.0173986932
       -0.1810689127  -0.0199050733   0.3433708740   0.0667582983  -0.0243164152
       -0.1789267109  -0.0000356955   0.0000870195  -0.0007562636  -0.0005269031
       -0.0006535612   0.0018977155   0.0013136323   0.0000027493   0.0105487685
        0.0038979591  -0.0064757639   0.0014008548  -0.0075931721   0.0015384092
        0.0018031144   0.0521773482   0.0762003198  -0.0713522178   0.0088168342
       -0.0035358172  -0.0113590640   0.0143599187  -0.0008994298  -0.0153873453
       -0.0008506569   0.0056720035  -0.0002717978  -0.0115128738  -0.0188862448
       -0.0159301160  -0.0013321480  -0.0054140274   0.0001707830  -0.0061517801
        0.0178843742   0.0124052815  -0.0827160092  -0.0009385060  -0.0790365851
       -0.0616363498   0.0023639345   0.0667582983   0.2366742249   0.0286468834
        0.0184530320  -0.0000082705   0.0000772791   0.0007493384  -0.0004428220
       -0.0012387121  -0.0015356065  -0.0000670676  -0.0000712859  -0.0003963859
       -0.0000553791   0.0011115710   0.0013742844  -0.0059336258   0.0007333397
       -0.0132182907  -0.0046703346   0.0003716145   0.0155943479  -0.0296593402
       -0.0235121291  -0.0096744762  -0.0316375671  -0.0068000945   0.0045578927
       -0.0027518092  -0.0003922616  -0.0016620396  -0.0059018878  -0.0084605677
       -0.0227328208   0.0027144593   0.0000507465  -0.0019409560   0.0033736390
       -0.0120286527  -0.0254081014  -0.0146756665  -0.0525582341  -0.0114304342
        0.0157422635  -0.0553239872  -0.0243164152   0.0286468834   0.5893126568
        0.0040755232   0.0000758152  -0.0001802183   0.0018028299  -0.0007164141
       -0.0009891119  -0.0000923783   0.0000918547  -0.0001690223   0.0018809894
        0.0005584635  -0.0012799470  -0.0003891800   0.0051964450   0.0018437562
        0.0216952064  -0.0020702941   0.0024007362   0.0198015029  -0.0234677663
       -0.2667576936  -0.0906101549  -0.0068159857  -0.1954681994   0.1293264287
        0.0011020302   0.0009454884   0.0008199603  -0.0045510832  -0.0065141908
       -0.0054375213  -0.0007144905   0.0015943882   0.0009083254   0.0035487174
       -0.0088905818  -0.0071819409  -0.1255229597  -0.0046917477  -0.1607847261
        0.1139338335  -0.0235712523  -0.1789267109   0.0184530320   0.0040755232
        0.6104535340  -0.0000009053   0.0002670223   0.0005986720   0.0002803262
        0.0000698676  -0.0017072790   0.0001063752   0.0002583207   0.0006625565
       -0.0004210901   0.0000130195  -0.0018067604  -0.0055762474  -0.0002262983
       -0.0139434867   0.0046056822  -0.0009920363  -0.0158117011  -0.0098309821
       -0.0921458372  -0.0775455199   0.0045877618   0.1298083144  -0.1502974020
       -0.1182008297  -0.1161764521  -0.0132751822   0.0061728169   0.0101201390
        0.0012355635  -0.0189109477  -0.0242390294  -0.0031861702  -0.0059468102
        0.0008420258   0.0006375030   0.0000155835   0.0024217292  -0.0002470627
       -0.0000082000   0.0005672411  -0.0000356955  -0.0000082705   0.0000758152
       -0.0000009053   0.1358947104   0.1270774573   0.0141681186   0.0010648511
        0.0008348667   0.0003229972   0.0005919992  -0.0008428957  -0.0002490125
       -0.0009261262  -0.0012585521   0.0005229289   0.0002073384   0.0005118123
        0.0000297255   0.0001163659   0.0000851806   0.0000060903   0.0000242913
       -0.0000001225   0.0000172552  -0.0000867724  -0.0000192156   0.0000538461
       -0.1154041780  -0.2225566459  -0.0202746410  -0.0145668308  -0.0293522121
       -0.0036331312  -0.0011672002  -0.0001112582   0.0000743943   0.0004211362
        0.0007229665  -0.0004805199   0.0032856825  -0.0037522982  -0.0001713472
        0.0003614637   0.0006223019   0.0000870195   0.0000772791  -0.0001802183
        0.0002670223   0.1270774573   0.2537911228   0.0240010545  -0.0005735121
        0.0007961894   0.0001551785   0.0009402651   0.0010596993   0.0002009476
        0.0001108375   0.0000210763  -0.0000467486  -0.0006184566  -0.0012354387
       -0.0002565907   0.0001346482   0.0001231486   0.0000054745  -0.0000931392
        0.0000760362  -0.0000220043   0.0000145473  -0.0000244696   0.0000938917
       -0.0159721156  -0.0205240321  -0.0354648005   0.0001779948  -0.0022563391
       -0.0013398803   0.0018794922  -0.0007981222   0.0009576336  -0.0003550417
        0.0002565747   0.0034842039  -0.0004519646  -0.0010176529   0.0107133337
       -0.0001343745  -0.0010706455  -0.0007562636   0.0007493384   0.0018028299
        0.0005986720   0.0141681186   0.0240010545   0.0264153968   0.0008178067
        0.0004051199  -0.0039867093   0.0001341738   0.0002668744  -0.0009911731
       -0.0003350485  -0.0002728543   0.0002303136  -0.0006409808  -0.0009908279
        0.0001897128  -0.0005047678  -0.0000360262  -0.0003004974   0.0005617857
        0.0000540100   0.0003287040  -0.0000944167   0.0001800366  -0.0000786462
       -0.0194405002   0.0049278310  -0.0019157783  -0.2921142394   0.0191467988
       -0.0353942944   0.0008888956   0.0035955220  -0.0022942746   0.0008476271
       -0.0008071856   0.0000144055  -0.0165807458  -0.0007005676  -0.0031040174
       -0.0018726138  -0.0016913176  -0.0005269031  -0.0004428220  -0.0007164141
        0.0002803262   0.0010648511  -0.0005735121   0.0008178067   0.3280976737
       -0.0235186683   0.0414617494  -0.0007422730   0.0000067406   0.0003820708
        0.0002564371  -0.0001166248   0.0004230637   0.0007037568   0.0004391784
        0.0000602763  -0.0005292528   0.0000193664  -0.0004231134  -0.0001892353
       -0.0000357337   0.0000105432   0.0000524411   0.0000245866   0.0002081394
        0.0280737544  -0.0038423483   0.0029546569   0.0182992613  -0.0448306018
        0.0032245351   0.0022576154  -0.0039115257  -0.0005209532   0.0000996709
       -0.0011338271   0.0000514604  -0.0213863542   0.0004458268  -0.0037339570
       -0.0032270262  -0.0021773151  -0.0006535612  -0.0012387121  -0.0009891119
        0.0000698676   0.0008348667   0.0007961894   0.0004051199  -0.0235186683
        0.0552240256  -0.0008884527   0.0013516288  -0.0001736325  -0.0004568832
        0.0000979851   0.0000428196   0.0001275398  -0.0008305656   0.0006431733
       -0.0001429566  -0.0006961167  -0.0000360366  -0.0004349515  -0.0002871709
       -0.0000038284  -0.0000447517   0.0001698314  -0.0000538072   0.0000432875
        0.0044204531  -0.0045811233   0.0002953835  -0.0362966720   0.0101620997
       -0.0347662218  -0.0035503442  -0.0014389085   0.0110171708   0.0006143395
        0.0040826929   0.0003211399  -0.0110715762  -0.0032851228   0.0028464486
        0.0058353538  -0.0042374756   0.0018977155  -0.0015356065  -0.0000923783
       -0.0017072790   0.0003229972   0.0001551785  -0.0039867093   0.0414617494
       -0.0008884527   0.0265604492  -0.0004273476   0.0000324739   0.0002486923
       -0.0006179127   0.0002245234  -0.0020365965   0.0008576602  -0.0002502736
       -0.0003304512  -0.0000183304   0.0001779193  -0.0001668748  -0.0001074981
        0.0000194400   0.0000885008   0.0001127343  -0.0000805927  -0.0002813679
       -0.0143537329   0.0263237166   0.0049025022  -0.0059114513   0.0002271136
        0.0002275162  -0.0822497201   0.0910275128   0.0154493042   0.0056944708
       -0.0157876010  -0.0026244935  -0.0001503842  -0.0005539834  -0.0000109740
       -0.0007814679  -0.0029636055   0.0013136323  -0.0000670676   0.0000918547
        0.0001063752   0.0005919992   0.0009402651   0.0001341738  -0.0007422730
        0.0013516288  -0.0004273476   0.0968032382  -0.0989855900  -0.0181326821
        0.0008720588  -0.0008088012  -0.0007834956   0.0001349790  -0.0000833662
       -0.0000455154   0.0002322132  -0.0008388343  -0.0000829824  -0.0000025523
        0.0000135399   0.0000125267  -0.0000703098   0.0000461500  -0.0000385400
        0.0034074805  -0.0044511065  -0.0007913613   0.0005865969   0.0007589499
       -0.0004696041   0.0903282023  -0.2539277040  -0.0332695675   0.0086328116
       -0.0291029245  -0.0044995994  -0.0002394104   0.0007588639   0.0001191830
       -0.0037369206  -0.0027712004   0.0000027493  -0.0000712859  -0.0001690223
        0.0002583207  -0.0008428957   0.0010596993   0.0002668744   0.0000067406
       -0.0001736325   0.0000324739  -0.0989855900   0.2881929746   0.0383664207
        0.0005712788   0.0008357688   0.0002016923  -0.0001282113   0.0001563136
        0.0000163868   0.0003648399  -0.0012036283  -0.0002992861   0.0001033170
        0.0000596502  -0.0000364832   0.0000030464  -0.0000230019   0.0001018005
       -0.0005342447  -0.0030829267   0.0006559690   0.0013098695   0.0001496923
        0.0034234053   0.0181418785  -0.0340603399  -0.0389405461  -0.0011318717
       -0.0008949133  -0.0011096787  -0.0000718644  -0.0010171680  -0.0007790648
        0.0013523386  -0.0009082855   0.0105487685  -0.0003963859   0.0018809894
        0.0006625565  -0.0002490125   0.0002009476  -0.0009911731   0.0003820708
       -0.0004568832   0.0002486923  -0.0181326821   0.0383664207   0.0299904029
       -0.0012084392   0.0006494891  -0.0038370467   0.0004473628  -0.0000960468
       -0.0003272923   0.0004800203  -0.0010120246   0.0001472990  -0.0005122783
        0.0001311477   0.0003877135   0.0001232382   0.0001499013  -0.0000800054
        0.0004927205  -0.0043869192   0.0031648010   0.0009080036   0.0008693484
       -0.0000580046  -0.0241391763  -0.0021186723   0.0047011216  -0.2829226429
        0.0194340327   0.0596871528  -0.0016752086   0.0012032727   0.0007718235
       -0.0114160223   0.0022737463   0.0038979591  -0.0000553791   0.0005584635
       -0.0004210901  -0.0009261262   0.0001108375  -0.0003350485   0.0002564371
        0.0000979851  -0.0006179127   0.0008720588   0.0005712788  -0.0012084392
        0.3184592665  -0.0182178929  -0.0695488645  -0.0003745817   0.0000527919
        0.0003694092   0.0006634440  -0.0004649901  -0.0001789351  -0.0001289841
        0.0000579264   0.0000020999  -0.0000138093  -0.0000412087  -0.0002260723
       -0.0029665733  -0.0028720963  -0.0007117003  -0.0004196331  -0.0012414948
        0.0000786306  -0.0244653284   0.0008363406   0.0050094762   0.0195940523
       -0.0449664525  -0.0042681275   0.0030317457  -0.0028758481  -0.0010578693
        0.0228844164  -0.0032845335  -0.0064757639   0.0011115710  -0.0012799470
        0.0000130195  -0.0012585521   0.0000210763  -0.0002728543  -0.0001166248
        0.0000428196   0.0002245234  -0.0008088012   0.0008357688   0.0006494891
       -0.0182178929   0.0544312516   0.0075518161   0.0007028334  -0.0001514963
       -0.0005613535   0.0008024343   0.0005888802  -0.0002016710   0.0002993713
       -0.0000648123  -0.0000712918  -0.0001730187  -0.0000194563   0.0000936766
        0.0042718439  -0.0016868118   0.0103751620  -0.0000256928   0.0040338866
        0.0003537828  -0.0029104827  -0.0036093325   0.0003470593   0.0616602225
        0.0024297158  -0.0441484085  -0.0060331031  -0.0034529972   0.0023826640
        0.0119757472  -0.0052098119   0.0014008548   0.0013742844  -0.0003891800
       -0.0018067604   0.0005229289  -0.0000467486   0.0002303136   0.0004230637
        0.0001275398  -0.0020365965  -0.0007834956   0.0002016923  -0.0038370467
       -0.0695488645   0.0075518161   0.0373589463   0.0000677163   0.0001679032
       -0.0002134409  -0.0009670920  -0.0000636912  -0.0002307443   0.0001272957
       -0.0000017131   0.0000670747  -0.0001543719  -0.0000522675  -0.0002428604
        0.0002513112  -0.0031702559  -0.0016418656   0.0067459537  -0.0093739216
        0.0052369506  -0.0009272575  -0.0001018910   0.0001874715  -0.0032317424
       -0.0002160438  -0.0023914571  -0.0839633241   0.0853341714  -0.0378852887
       -0.0109139431   0.0175935298  -0.0075931721  -0.0059336258   0.0051964450
       -0.0055762474   0.0002073384  -0.0006184566  -0.0006409808   0.0007037568
       -0.0008305656   0.0008576602   0.0001349790  -0.0001282113   0.0004473628
       -0.0003745817   0.0007028334   0.0000677163   0.0970361956  -0.0946915744
        0.0482418512   0.0008335026   0.0005188451   0.0008356950   0.0003800255
        0.0000500371  -0.0005453650  -0.0009485881  -0.0002649416   0.0003996692
       -0.0042667210  -0.0037865091   0.0008992867   0.0094003361  -0.0266571433
        0.0072041375   0.0001145496   0.0007810905   0.0000772228   0.0008659738
       -0.0005059240   0.0002587661   0.0870774403  -0.2155730918   0.0744275297
        0.0011066110  -0.0023088011   0.0015384092   0.0007333397   0.0018437562
       -0.0002262983   0.0005118123  -0.0012354387  -0.0009908279   0.0004391784
        0.0006431733  -0.0002502736  -0.0000833662   0.0001563136  -0.0000960468
        0.0000527919  -0.0001514963   0.0001679032  -0.0946915744   0.2445865529
       -0.0816695350  -0.0005797095   0.0007181181  -0.0004539563  -0.0004728903
        0.0010333651  -0.0003538204  -0.0002077716   0.0004560346  -0.0005324969
       -0.0010720801   0.0000869244   0.0016252546   0.0007258670  -0.0053289241
        0.0008457543   0.0003560532  -0.0001162242  -0.0000605660   0.0025171915
       -0.0002141709   0.0013054832  -0.0359202598   0.0757950002  -0.0633347707
        0.0025944171  -0.0096862679   0.0018031144  -0.0132182907   0.0216952064
       -0.0139434867   0.0000297255  -0.0002565907   0.0001897128   0.0000602763
       -0.0001429566  -0.0003304512  -0.0000455154   0.0000163868  -0.0003272923
        0.0003694092  -0.0005613535  -0.0002134409   0.0482418512  -0.0816695350
        0.0741554605  -0.0009678915  -0.0003592383   0.0001274784   0.0017654953
        0.0005172896   0.0005985968  -0.0054362486   0.0002244537  -0.0024408473
       -0.0009247006   0.0003617361  -0.0000866749  -0.0032405749   0.0006511286
        0.0028308467   0.0015594842   0.0023389855   0.0017839897   0.0053624819
        0.0037735973  -0.0044402560  -0.0130177503  -0.0166719291   0.0089805743
       -0.1044943194  -0.0953236344   0.0521773482  -0.0046703346  -0.0020702941
        0.0046056822   0.0001163659   0.0001346482  -0.0005047678  -0.0005292528
       -0.0006961167  -0.0000183304   0.0002322132   0.0003648399   0.0004800203
        0.0006634440   0.0008024343  -0.0009670920   0.0008335026  -0.0005797095
       -0.0009678915   0.1181633783   0.1063851104  -0.0637238942   0.0003483911
        0.0001140677   0.0005122642  -0.0004023285   0.0004151358  -0.0006618188
        0.0001577104   0.0007415182   0.0000967620  -0.0004176828  -0.0004699327
       -0.0000938795   0.0035003445  -0.0048244224   0.0002204687  -0.0137020645
       -0.0258452202   0.0090341683   0.0007153419   0.0004216174   0.0002594818
       -0.0971920179  -0.1877287550   0.0762003198   0.0003716145   0.0024007362
       -0.0009920363   0.0000851806   0.0001231486  -0.0000360262   0.0000193664
       -0.0000360366   0.0001779193  -0.0008388343  -0.0012036283  -0.0010120246
       -0.0004649901   0.0005888802  -0.0000636912   0.0005188451   0.0007181181
       -0.0003592383   0.1063851104   0.2138068143  -0.0824745712   0.0005382485
        0.0009496527  -0.0004866557   0.0003238273   0.0003575093  -0.0004709970
       -0.0002881372  -0.0000863423  -0.0000106578  -0.0021036465   0.0001035554
        0.0012708621   0.0011203629  -0.0003507302   0.0013440545  -0.0020964500
       -0.0057572593   0.0014395594  -0.0026464478  -0.0076488087   0.0012709249
        0.0504062365   0.0776606857  -0.0713522178   0.0155943479   0.0198015029
       -0.0158117011   0.0000060903   0.0000054745  -0.0003004974  -0.0004231134
       -0.0004349515  -0.0001668748  -0.0000829824  -0.0002992861   0.0001472990
       -0.0001789351  -0.0002016710  -0.0002307443   0.0008356950  -0.0004539563
        0.0001274784  -0.0637238942  -0.0824745712   0.0844702038  -0.0016303542
        0.0007901249   0.0006989646   0.0052112282  -0.0006537668  -0.0028966535
       -0.0006264780  -0.0010811203  -0.0001233663  -0.0001280356   0.0001220122
       -0.0047756816  -0.0006775390   0.0010990816   0.0001360936   0.0002195794
        0.0000300340   0.0044293347  -0.0051574216  -0.0223918593  -0.0099142956
       -0.0005341460   0.0208748894   0.0088168342  -0.0296593402  -0.0234677663
       -0.0098309821   0.0000242913  -0.0000931392   0.0005617857  -0.0001892353
       -0.0002871709  -0.0001074981  -0.0000025523   0.0001033170  -0.0005122783
       -0.0001289841   0.0002993713   0.0001272957   0.0003800255  -0.0004728903
        0.0017654953   0.0003483911   0.0005382485  -0.0016303542   0.0359974144
        0.0258179661   0.0112623533   0.0001340304  -0.0010909738  -0.0002047364
        0.0006932419   0.0001271002  -0.0003072774   0.0000972318   0.0001297905
       -0.0003608077  -0.0006066369   0.0000533566  -0.0002491781  -0.0001589453
        0.0001648737  -0.0010789495  -0.0000840391  -0.0013700053  -0.0020252280
       -0.0002212143  -0.0048461787  -0.0035358172  -0.0235121291  -0.2667576936
       -0.0921458372  -0.0000001225   0.0000760362   0.0000540100  -0.0000357337
       -0.0000038284   0.0000194400   0.0000135399   0.0000596502   0.0001311477
        0.0000579264  -0.0000648123  -0.0000017131   0.0000500371   0.0010333651
        0.0005172896   0.0001140677   0.0009496527   0.0007901249   0.0258179661
        0.2943281018   0.1049042927  -0.0022251899  -0.0238794088  -0.0067114968
        0.0015198170  -0.0011898756  -0.0000990050   0.0007518516   0.0016651499
       -0.0022054672  -0.0016387126  -0.0010477512   0.0000259893  -0.0007142465
        0.0017933905  -0.0025778325  -0.0049621413  -0.0143973077  -0.0100417415
        0.0017804123  -0.0170489096  -0.0113590640  -0.0096744762  -0.0906101549
       -0.0775455199   0.0000172552  -0.0000220043   0.0003287040   0.0000105432
       -0.0000447517   0.0000885008   0.0000125267  -0.0000364832   0.0003877135
        0.0000020999  -0.0000712918   0.0000670747  -0.0005453650  -0.0003538204
        0.0005985968   0.0005122642  -0.0004866557   0.0006989646   0.0112623533
        0.1049042927   0.0946190187   0.0016658181   0.0169461730   0.0070140677
        0.0003032049  -0.0001697061   0.0003110020   0.0006538421   0.0019592772
        0.0013591406   0.0002927919   0.0000905885  -0.0003126339   0.0003332554
       -0.0016530197  -0.0015353215  -0.0019485891   0.0174931985  -0.0154851896
       -0.0027698519  -0.0160426925   0.0143599187  -0.0316375671  -0.0068159857
        0.0045877618  -0.0000867724   0.0000145473  -0.0000944167   0.0000524411
        0.0001698314   0.0001127343  -0.0000703098   0.0000030464   0.0001232382
       -0.0000138093  -0.0001730187  -0.0001543719  -0.0009485881  -0.0002077716
       -0.0054362486  -0.0004023285   0.0003238273   0.0052112282   0.0001340304
       -0.0022251899   0.0016658181   0.0361082504   0.0072330676  -0.0047126597
       -0.0004968869   0.0002778666   0.0000123470  -0.0002483888   0.0008765174
       -0.0012902852   0.0004836280   0.0001765313   0.0000241942   0.0002191528
        0.0011145491  -0.0010775206   0.0000819285  -0.0003562501   0.0014552004
        0.0004580607   0.0023015450  -0.0008994298  -0.0068000945  -0.1954681994
        0.1298083144  -0.0000192156  -0.0000244696   0.0001800366   0.0000245866
       -0.0000538072  -0.0000805927   0.0000461500  -0.0000230019   0.0001499013
       -0.0000412087  -0.0000194563  -0.0000522675  -0.0002649416   0.0004560346
        0.0002244537   0.0004151358   0.0003575093  -0.0006537668  -0.0010909738
       -0.0238794088   0.0169461730   0.0072330676   0.2142640401  -0.1447467581
        0.0006044794  -0.0007834496   0.0002409439  -0.0004705297   0.0023326018
        0.0006365856  -0.0007211878  -0.0006912458   0.0003285467   0.0008594842
        0.0023880709   0.0007228295  -0.0035632932   0.0092718920  -0.0136630800
        0.0039153269   0.0102847945  -0.0153873453   0.0045578927   0.1293264287
       -0.1502974020   0.0000538461   0.0000938917  -0.0000786462   0.0002081394
        0.0000432875  -0.0002813679  -0.0000385400   0.0001018005  -0.0000800054
       -0.0002260723   0.0000936766  -0.0002428604   0.0003996692  -0.0005324969
       -0.0024408473  -0.0006618188  -0.0004709970  -0.0028966535  -0.0002047364
       -0.0067114968   0.0070140677  -0.0047126597  -0.1447467581   0.1764252345
