           1           2   1.7414840482735678     
           1           3   1.1758510864579763     
           2           4  0.12777636656336977     
           3           4   1.7415079750079696     
           2           5   1.1099508372454086     
           4           6   1.1099000333241493     
           5           6  0.86439793242024532     
           5           7  0.93633198448414090     
           6           7  0.93627926371401582     
           1           8  0.97033846757547326     
           2           9  0.96754256723909970     
           3          10  0.97025601203234968     
           4          11  0.96758530866462589     
           5          12  0.97204159862777051     
           6          13  0.97208644110689812     
           7          14  0.97831640479249338     
           7          15  0.97931451113418011     
