 -1.0
 -0.15807086991683D+01 -0.24013698636269D+01  0.37078913764742D+00  0.79525886069966D-03  0.90871381992824D-04  0.41062263253550D-03
 -0.26151274770694D+01 -0.46509747851622D+00 -0.11138558763028D+01 -0.14814034732027D-03 -0.29281138894044D-03 -0.85137319538193D-03
  0.12439812404901D+01 -0.28616760045626D+01 -0.69172028028886D+00 -0.92668126428535D-03  0.27946040224384D-03 -0.32259379131907D-05
  0.24523138611984D+01 -0.42148524260202D+00 -0.94976167728024D+00 -0.17136139489363D-03  0.33097479210525D-03 -0.22156790692311D-03
 -0.11398766315587D+01  0.18392179919258D+01 -0.41172999122832D+00  0.71174508488083D-03  0.18991437999682D-03 -0.17835234923942D-03
  0.17574656545222D+01  0.16567962118911D+01  0.17448191524501D+00 -0.16084748033027D-02 -0.80151651664850D-03  0.29369622507145D-03
  0.13495635351475D+00  0.21085490338167D+01  0.24119667708565D+01  0.43445975986223D-03  0.31042910759090D-03  0.45290856049430D-03
 -0.25864818692236D+01 -0.42759918646935D+01  0.14342168646821D+01 -0.66311460620541D-03 -0.35487750674331D-02  0.19901537490414D-02
 -0.49513631557397D+01 -0.35491175163535D+00 -0.73700396391186D+00  0.59162441514445D-03 -0.97393200921189D-03 -0.16895238506266D-02
  0.21029205185541D+01 -0.40845815806775D+01 -0.20608749354903D+01  0.24823602365921D-02  0.30445994129653D-02  0.21895677566786D-02
  0.48566651553063D+01 -0.88694826207657D+00 -0.16446763215242D+01  0.22461866940828D-02 -0.54559083254600D-03 -0.40014793943610D-02
 -0.25489616716580D+01  0.35256990343910D+01 -0.13533005393717D+01  0.50807479503898D-04 -0.68011782972032D-03 -0.40662256557218D-02
  0.19953746462723D+01  0.38074431615474D+01  0.15212503503970D+00  0.73020184578802D-03 -0.23572390316837D-02  0.48407684883471D-02
 -0.25731091295985D+00  0.36890404503061D+01  0.34816559389696D+01  0.45596358347906D-02  0.23413757614770D-02  0.28017215014677D-02
 -0.66672403540272D+00  0.74882202566859D-02  0.35475646209682D+01  0.97043131319892D-03  0.14306614961047D-02 -0.89643442167344D-03
