$coord
       -1.26252396412530       -1.51518019466142       -1.61791392033114      C
       -1.62833800307458       -1.64120465383161        1.35313480244052      C
        1.49229682615330       -1.36147285214181       -1.34530979390206      C
        1.35087847659910       -1.45493578987130        1.59901559672008      C
       -1.89534849434872        0.98003644645445        0.20650574340815      C
        1.90149326293582        1.32873917089249        0.26005155375974      C
       -0.01062728409372        3.04755446211410       -0.12949540697536      C
       -1.89360559744345       -2.06271270167631       -3.50813845678503      H
       -1.95658070795413       -2.83701033494450        3.20906241199733      H
        1.93227228943542       -1.03400892810737       -3.14542870172022      H
        2.52534460628959       -3.14345235256209        2.71147361032426      H
       -3.91561394830650        1.40432425536880        0.07802605125331      H
        4.13904210785380        1.97406665644213       -0.28302540685054      H
       -0.27727290133618        3.13187684859514       -2.12557195193645      H
        1.05589092119147        4.85169719917880       -0.55226626923149      H
$end
