           1           2  0.96207534631786917     
           1           3  0.98298081818948091     
           2           4  0.98298098862281158     
           3           4  0.96206315458310609     
           1           5  0.95912169211623655     
           2           5  0.95912436788595845     
           3           6  0.95912948600327497     
           4           6  0.95912678036496724     
           5           7   1.0068296153600609     
           6           7   1.0068287324854837     
           1           8  0.97417047749990171     
           2           9  0.97416978320741576     
           3          10  0.97417106148217902     
           4          11  0.97417136268576598     
           5          12  0.97234821799661209     
           6          13  0.97234804382069462     
           7          14  0.96886290219011462     
           7          15  0.96886274296750641     
