 -1.0
 -0.14799803384057D+01 -0.24037151164539D+01 -0.13494236000741D+01 -0.75031965664700D-03 -0.16600767793450D-03  0.76265864747760D-03
 -0.91553130443809D+00 -0.31667919903460D+01  0.14395670863859D+01  0.11835766724996D-02  0.75045349659989D-03 -0.57821255797416D-03
 -0.67241913072008D+00  0.60284781284924D-01 -0.14049928815931D+01  0.61945588169739D-03  0.87957755210007D-04  0.14504258652834D-03
  0.14404723185331D+01 -0.20309566434732D+01  0.19553342594437D+01 -0.56640896387335D-03 -0.12245779948033D-02  0.32388324487692D-03
 -0.91351371664376D+00  0.26926936383402D+01 -0.17417115221985D+01  0.46431677586451D-03  0.37499327697198D-03  0.33444607075143D-03
  0.14693728633996D+01  0.72489491423154D+00  0.44562863612042D+00 -0.92807024979743D-04 -0.81790931399123D-03 -0.50757269336964D-03
  0.82213509628107D+00  0.36719036950016D+01  0.33372810518624D+00 -0.61301794149633D-03  0.84924706213597D-03 -0.60736441075109D-03
 -0.27328689263489D+01 -0.38409322890374D+01 -0.23975731336453D+01  0.23228326868186D-02  0.19949210815482D-03  0.28528167694882D-02
 -0.24814284689094D+01 -0.46802216639943D+01  0.19614355560106D+01 -0.97527094135004D-03  0.11267822302698D-02 -0.23115591572302D-02
  0.32311056989486D+01 -0.25961745968722D+01  0.15432374288611D+01 -0.19435758795785D-02  0.15092259921517D-02  0.23896667122506D-02
  0.16569651795971D+01 -0.24727709141113D+00  0.46113462264214D+01  0.13176143270244D-02  0.34019265973507D-03 -0.45294448143164D-02
 -0.13850059965642D+01  0.26596948671348D+01 -0.37043860921064D+01  0.56482047497693D-03 -0.87352534017501D-03 -0.10490803340313D-03
  0.35163298373690D+01  0.39193357216399D+00 -0.62933191882279D+00  0.16278945311974D-03 -0.81850403601759D-04 -0.17139905971812D-02
  0.26692634471306D+01  0.45684528461412D+01  0.22157794895189D+00 -0.24436328296809D-02 -0.21108366693168D-02  0.54049115350325D-02
 -0.24283157508448D+00  0.47390397831510D+01  0.18702584309510D+01 -0.19457543107286D-02  0.16422059326299D-02 -0.46069832703379D-03
