$coord
       -1.79442866227347       -1.10860757680921       -1.54918867945006      C
       -1.38759014804020       -1.31448052766886        1.33248439822894      C
        1.06526058403312       -1.34527052361591       -1.82726123292354      C
        1.58721884007141       -1.59589316951549        1.15124284418839      C
       -2.26385703266864        1.22204787939242        0.13679188427283      C
        2.35302690426293        0.79586913891006        0.07955460168385      C
        0.58108524171005        2.88638728665188        0.48245722238171      C
       -3.42619933968638       -2.08637594847094       -2.67618779454505      H
       -2.07449291450511       -2.78557988723825        3.07498661522190      H
        2.32590144074291       -2.18511711181652       -3.80408528654380      H
        1.56221962651257       -3.37109475881227        2.16064441953772      H
       -4.20702818231915        2.43677977926865        0.94780797572469      H
        4.52975474377029        1.24390126988426        0.18699428985838      H
        0.27375138104407        4.42034710502109       -0.54740857455898      H
        0.56127423870298        3.42087292113624        2.59702767192807      H
$end
