$hessian                                                                        
        0.4232796035   0.1281577758   0.3084273814  -0.1309863124   0.0567394460
       -0.1645957354  -0.0908620625  -0.0734434700   0.0013735984  -0.0162146225
       -0.0026849093  -0.0226823529   0.0003655747   0.0042407018   0.0016904258
       -0.0152910626  -0.0202627832  -0.0097881361   0.0029078681  -0.0036396648
       -0.0055924856  -0.1712428277  -0.0837039926  -0.1127420472   0.0022500831
       -0.0026067539   0.0069640717  -0.0025411980  -0.0021512042  -0.0020089993
       -0.0009984643  -0.0005433365  -0.0003487297   0.0000554330   0.0014643134
        0.0005801575  -0.0006024367  -0.0002498890  -0.0006397426   0.0007164953
        0.0000272595   0.0003150324  -0.0008360710  -0.0013434929  -0.0009524383
        0.1281577758   0.4736159519  -0.0879005306   0.0426811969  -0.1205504539
        0.1338483644  -0.0720747995  -0.2018532867   0.0163508496  -0.0057525023
        0.0072116596  -0.0086135679  -0.0091001647  -0.0374863734   0.0020908145
       -0.0102093168  -0.0122577007  -0.0099198832  -0.0013271985  -0.0034499996
       -0.0000436111  -0.0802245446  -0.0885493129  -0.0638910959   0.0122663724
       -0.0112566783   0.0216204833  -0.0019050255  -0.0012023397  -0.0014282212
       -0.0014567287  -0.0019422419  -0.0019058110  -0.0003211376  -0.0001433675
       -0.0000908755   0.0003749984  -0.0001548368   0.0002541028  -0.0007765004
       -0.0008564813  -0.0007049567  -0.0003324250  -0.0011245388   0.0003339385
        0.3084273814  -0.0879005306   0.5570701997  -0.1520031358   0.1447968535
       -0.3528983153   0.0017923431   0.0153311349  -0.0511673738  -0.0217511644
       -0.0065972446  -0.0221078803   0.0040346220   0.0022544156  -0.0057315816
       -0.0098070577  -0.0042730320  -0.0018614256  -0.0056504092  -0.0028687206
        0.0085808443  -0.1158248455  -0.0637438456  -0.1235319984  -0.0059164560
        0.0049566587  -0.0091797427  -0.0011278143  -0.0019680751   0.0001157166
       -0.0011105275  -0.0000615542   0.0000992992  -0.0004135326   0.0003238605
        0.0008509417  -0.0009458332  -0.0005788474  -0.0008478303  -0.0012500890
       -0.0013253959  -0.0010501871   0.0015465189   0.0016543227   0.0016593336
       -0.1309863124   0.0426811969  -0.1520031358   0.3081680360   0.0772379951
        0.1973317847   0.0111676064   0.0155964002   0.0009567924  -0.1123543551
       -0.0484640090  -0.0364875389   0.0000220431  -0.0062338251   0.0005412344
       -0.0040746522  -0.0197595463   0.0039721840  -0.0008046635  -0.0009113914
       -0.0015051102  -0.0089461992   0.0085597727  -0.0169508227  -0.0492179509
       -0.0561434095   0.0189937862  -0.0183969652  -0.0147615440  -0.0145156116
        0.0064829452   0.0035491032  -0.0004169639  -0.0004713004   0.0000501579
       -0.0000614634   0.0000391392  -0.0001143191   0.0003147188  -0.0002398926
       -0.0002566303  -0.0000042388  -0.0003874784  -0.0010299514  -0.0001656153
        0.0567394460  -0.1205504539   0.1447968535   0.0772379951   0.5602410963
       -0.2328132047  -0.0031963727  -0.0557228607   0.0328983558  -0.0489947097
       -0.1097727451  -0.0304343860  -0.0010339912   0.0038517812   0.0004865103
       -0.0120935543  -0.0288169957   0.0066620751  -0.0023730818  -0.0031631614
       -0.0001922203  -0.0049705377   0.0050582252  -0.0112496522  -0.0574590312
       -0.2485050378   0.0961623810   0.0067898472   0.0088331428   0.0037231306
       -0.0088573004  -0.0097058171  -0.0104916550  -0.0006038383  -0.0002834516
        0.0000091599  -0.0008513163  -0.0006340349   0.0006611011   0.0000553751
       -0.0006298153   0.0000657479  -0.0003889299  -0.0001998721  -0.0002841969
       -0.1645957354   0.1338483644  -0.3528983153   0.1973317847  -0.2328132047
        0.5725824940   0.0074627052   0.0506109737  -0.0151714822  -0.0374470530
       -0.0320280020  -0.0852372604  -0.0004879661  -0.0080134468   0.0014936044
        0.0078513133   0.0075941382   0.0030717455   0.0012808925   0.0013896789
       -0.0018650770  -0.0053617067   0.0055980477  -0.0156195702   0.0207409350
        0.0975556608  -0.0837315690  -0.0087231566  -0.0045821831  -0.0064973309
       -0.0162639179  -0.0195114843  -0.0154698485  -0.0007234520   0.0002710426
        0.0006478301  -0.0001785331   0.0003859390  -0.0011620582  -0.0005739154
        0.0001969780   0.0000036458  -0.0003121945  -0.0005025022  -0.0001468081
       -0.0908620625  -0.0720747995   0.0017923431   0.0111676064  -0.0031963727
        0.0074627052   0.3530143027   0.0241202899   0.1165531215  -0.0048408786
        0.0103776882  -0.0075267008  -0.0594349837   0.0968315953  -0.0053485737
       -0.1585129097  -0.0254843167  -0.0727139364  -0.0152509426  -0.0217898912
       -0.0214211897  -0.0065953160  -0.0163573733   0.0022647826   0.0038420765
       -0.0028908014  -0.0058596821  -0.0003253752  -0.0011237762  -0.0008042886
       -0.0001361915  -0.0001750369   0.0004499325  -0.0065207307   0.0172099506
        0.0017274862  -0.0227465134  -0.0035640313  -0.0149597562  -0.0012094456
       -0.0035599381  -0.0004100141  -0.0015886359   0.0016768132  -0.0012062296
       -0.0734434700  -0.2018532867   0.0153311349   0.0155964002  -0.0557228607
        0.0506109737   0.0241202899   0.8742098731  -0.0561058143   0.0088222191
       -0.0094224211   0.0116303220   0.0749000144  -0.4780610021  -0.0005188688
       -0.0142253527  -0.0419317564  -0.0016664052  -0.0337789923  -0.0680342281
       -0.0291223247  -0.0057167902  -0.0049484107   0.0024658680  -0.0026517960
       -0.0006613848   0.0054464599  -0.0001327900  -0.0018680496   0.0029464685
       -0.0004813785  -0.0005053845   0.0000060327   0.0040551348  -0.0092520304
       -0.0007712960   0.0052276586   0.0012266976   0.0024347505  -0.0027411020
       -0.0015477996  -0.0020488960   0.0004499548  -0.0016279561  -0.0006384051
        0.0013735984   0.0163508496  -0.0511673738   0.0009567924   0.0328983558
       -0.0151714822   0.1165531215  -0.0561058143   0.2372110615  -0.0189553815
        0.0123480065  -0.0283929430  -0.0096668763   0.0276896869  -0.0293621622
       -0.0585675505  -0.0120898925  -0.1052786564  -0.0250904842  -0.0284481000
       -0.0085088803  -0.0041656187  -0.0127357312   0.0021174727  -0.0068877741
        0.0047668699  -0.0009199419   0.0006027053   0.0030477179  -0.0036871142
       -0.0003700128   0.0002264606  -0.0009130028  -0.0007121199   0.0114105542
       -0.0036330016   0.0087811514   0.0028471405   0.0089422911  -0.0018391995
       -0.0024763439  -0.0000263054  -0.0020123515   0.0002702401  -0.0012099613
       -0.0162146225  -0.0057525023  -0.0217511644  -0.1123543551  -0.0489947097
       -0.0374470530  -0.0048408786   0.0088222191  -0.0189553815   0.4895228250
       -0.0661888821   0.0215017040  -0.0022826724   0.0021856639  -0.0010333087
       -0.0633976776  -0.0090469926   0.0193723600  -0.0007311917  -0.0007768606
       -0.0036883415   0.0047954488  -0.0026940187  -0.0063826492  -0.0026100317
       -0.0037975008  -0.0032165061  -0.2019472325   0.0915525455  -0.0556980088
       -0.0846857519   0.0475129189   0.0845726726  -0.0017231176   0.0002678136
        0.0012830324  -0.0039227163  -0.0128708519   0.0217066873   0.0002822805
       -0.0010774736   0.0000696994   0.0001096936   0.0008586314  -0.0003337426
       -0.0026849093   0.0072116596  -0.0065972446  -0.0484640090  -0.1097727451
       -0.0320280020   0.0103776882  -0.0094224211   0.0123480065  -0.0661888821
        0.4159997231  -0.0030958910   0.0010129628   0.0010489358   0.0011033115
       -0.0163247088  -0.1115524188   0.0579637091  -0.0024752331  -0.0077840671
        0.0151961144  -0.0029660843   0.0008251398   0.0040203962  -0.0133638396
       -0.0131800365  -0.0096476411   0.0933075396  -0.0950544793   0.0341569647
        0.0449765742  -0.0784236281  -0.0736433772   0.0012295756  -0.0002957991
       -0.0002965432   0.0003877605   0.0010707655  -0.0005444266   0.0015804365
       -0.0020917672   0.0008741765  -0.0004048712   0.0014211385   0.0001904467
       -0.0226823529  -0.0086135679  -0.0221078803  -0.0364875389  -0.0304343860
       -0.0852372604  -0.0075267008   0.0116303220  -0.0283929430   0.0215017040
       -0.0030958910   0.5060264315  -0.0036108713   0.0016484374  -0.0014238208
        0.0227804287   0.0503737365  -0.1247511216  -0.0038398839  -0.0000739882
        0.0037627965  -0.0046440463   0.0045516053   0.0003155018   0.0063152063
        0.0068539359   0.0052524034  -0.0558125488   0.0330442369  -0.0594273617
        0.0796792296  -0.0749812260  -0.1803584319  -0.0009584910   0.0003332561
        0.0010577789   0.0049197829   0.0109094084  -0.0149315859   0.0002418709
       -0.0014146137  -0.0002493731   0.0001242114  -0.0007312658   0.0004648667
        0.0003655747  -0.0091001647   0.0040346220   0.0000220431  -0.0010339912
       -0.0004879661  -0.0594349837   0.0749000144  -0.0096668763  -0.0022826724
        0.0010129628  -0.0036108713   0.4411471571  -0.1828167155   0.2130678413
       -0.0402271681   0.0334986378  -0.0350498607  -0.1515353316  -0.0166176574
       -0.0700304974  -0.0007715202  -0.0005678759   0.0004996016   0.0004844460
       -0.0006150418   0.0003812257  -0.0001100067   0.0005060189  -0.0008166335
       -0.0000277669   0.0006790547  -0.0005018066  -0.1722739677   0.1069524704
       -0.0863975310  -0.0024455816   0.0010782134  -0.0001333060  -0.0171175411
       -0.0067852987  -0.0120055002   0.0042073190  -0.0010906272   0.0007175586
        0.0042407018  -0.0374863734   0.0022544156  -0.0062338251   0.0038517812
       -0.0080134468   0.0968315953  -0.4780610021   0.0276896869   0.0021856639
        0.0010489358   0.0016484374  -0.1828167155   0.7367523625  -0.0584976184
        0.0377977910  -0.0382080252   0.0185452379  -0.0342456571  -0.0461788715
       -0.0299641450   0.0007846813  -0.0016515859  -0.0003571400  -0.0015904789
        0.0009489080   0.0014207533  -0.0001068624  -0.0002324218   0.0002381184
       -0.0002767706  -0.0003764203   0.0003861978   0.1051034486  -0.1321979542
        0.0627411225   0.0010665773  -0.0019558999  -0.0002139820  -0.0136676671
       -0.0050453262  -0.0085593268  -0.0090724826  -0.0012081072  -0.0093183107
        0.0016904258   0.0020908145  -0.0057315816   0.0005412344   0.0004865103
        0.0014936044  -0.0053485737  -0.0005188688  -0.0293621622  -0.0010333087
        0.0011033115  -0.0014238208   0.2130678413  -0.0584976184   0.2439866088
       -0.0288490146   0.0153460415  -0.0108968131  -0.0726580636  -0.0110599851
       -0.1086044060  -0.0009246394  -0.0004379805   0.0003714718  -0.0005529470
        0.0003101605   0.0003951954  -0.0000962987   0.0002676577  -0.0004599871
        0.0001909361  -0.0001138483   0.0002006767  -0.0883371282   0.0588457376
       -0.0793664485  -0.0019745741   0.0001673822   0.0004130371   0.0055089289
       -0.0036450411   0.0076543321  -0.0212248183  -0.0043442735  -0.0186697068
       -0.0152910626  -0.0102093168  -0.0098070577  -0.0040746522  -0.0120935543
        0.0078513133  -0.1585129097  -0.0142253527  -0.0585675505  -0.0633976776
       -0.0163247088   0.0227804287  -0.0402271681   0.0377977910  -0.0288490146
        0.5462034212  -0.0398922484  -0.0339474108  -0.0569647148   0.0180950858
        0.0148268708   0.0003081615  -0.0024847073   0.0003829544  -0.0007434495
       -0.0014197778  -0.0018901558   0.0039517804   0.0148348215  -0.0131441018
       -0.0032773127  -0.0086403563   0.0111664928   0.0029069152   0.0032364535
       -0.0082939100  -0.2126485482   0.0385241727   0.0957267878   0.0043623394
       -0.0149756365   0.0017636832  -0.0025951223   0.0077773344   0.0000006700
       -0.0202627832  -0.0122577007  -0.0042730320  -0.0197595463  -0.0288169957
        0.0075941382  -0.0254843167  -0.0419317564  -0.0120898925  -0.0090469926
       -0.1115524188   0.0503737365   0.0334986378  -0.0382080252   0.0153460415
       -0.0398922484   0.4738776782  -0.0470405369   0.0358879513  -0.1594877273
        0.0085316925  -0.0019325896  -0.0024352961   0.0021092364  -0.0034319863
       -0.0018240078  -0.0014119212  -0.0017334956  -0.0100220005   0.0108232707
        0.0005955779   0.0064567525  -0.0046485845   0.0075403348  -0.0019274380
       -0.0001466983   0.0377763802  -0.0459866527  -0.0228124469   0.0024346155
       -0.0132075031  -0.0008899216   0.0038104612  -0.0126769085  -0.0014650820
       -0.0097881361  -0.0099198832  -0.0018614256   0.0039721840   0.0066620751
        0.0030717455  -0.0727139364  -0.0016664052  -0.1052786564   0.0193723600
        0.0579637091  -0.1247511216  -0.0350498607   0.0185452379  -0.0108968131
       -0.0339474108  -0.0470405369   0.4123802863   0.0229043959  -0.0130356148
       -0.0623262421  -0.0021923791  -0.0006129287   0.0009665971  -0.0006499278
       -0.0006414832  -0.0009094311   0.0009664527   0.0074900034  -0.0076494316
        0.0080027792   0.0161929751  -0.0189496261  -0.0059109636   0.0001997541
        0.0070377428   0.0998732279  -0.0225287284  -0.0894231156  -0.0028189000
        0.0120189401  -0.0011931216   0.0079801147  -0.0236271145  -0.0002173867
        0.0029078681  -0.0013271985  -0.0056504092  -0.0008046635  -0.0023730818
        0.0012808925  -0.0152509426  -0.0337789923  -0.0250904842  -0.0007311917
       -0.0024752331  -0.0038398839  -0.1515353316  -0.0342456571  -0.0726580636
       -0.0569647148   0.0358879513   0.0229043959   0.4495967479   0.0883786787
       -0.0452270449  -0.0005568664   0.0000800515   0.0004117262  -0.0005350435
        0.0002146199  -0.0000506459   0.0001486275   0.0002440789  -0.0002856049
        0.0002819284  -0.0009864540   0.0001056287  -0.0056501432  -0.0036136135
       -0.0065502029  -0.0044929978   0.0230410479   0.0053888982  -0.1586326023
       -0.0919080003   0.0611562114  -0.0577806746   0.0228618023   0.0681045866
       -0.0036396648  -0.0034499996  -0.0028687206  -0.0009113914  -0.0031631614
        0.0013896789  -0.0217898912  -0.0680342281  -0.0284481000  -0.0007768606
       -0.0077840671  -0.0000739882  -0.0166176574  -0.0461788715  -0.0110599851
        0.0180950858  -0.1594877273  -0.0130356148   0.0883786787   0.4776206674
        0.0613728361  -0.0009521954  -0.0011121634   0.0006119577  -0.0003614584
       -0.0003793661  -0.0001794296  -0.0005437378  -0.0008902123  -0.0000618766
        0.0004671017   0.0009900611  -0.0008341216   0.0075224541   0.0029969822
        0.0079034585   0.0023323571  -0.0089514362  -0.0003017543  -0.0937138470
       -0.1203363528   0.0538417724   0.0225110265  -0.0618401248  -0.0682561127
       -0.0055924856  -0.0000436111   0.0085808443  -0.0015051102  -0.0001922203
       -0.0018650770  -0.0214211897  -0.0291223247  -0.0085088803  -0.0036883415
        0.0151961144   0.0037627965  -0.0700304974  -0.0299641450  -0.1086044060
        0.0148268708   0.0085316925  -0.0623262421  -0.0452270449   0.0613728361
        0.4844765308   0.0003559859  -0.0000334882   0.0000160612   0.0017838385
       -0.0000811261  -0.0000386149   0.0004983598   0.0019400453  -0.0013686164
       -0.0005863275  -0.0003546580   0.0010109779  -0.0021516005  -0.0014621536
       -0.0039196999   0.0025657487  -0.0126511199  -0.0028651008   0.0661332029
        0.0568211082  -0.0754387129   0.0640385906  -0.0699569497  -0.2329118604
       -0.1712428277  -0.0802245446  -0.1158248455  -0.0089461992  -0.0049705377
       -0.0053617067  -0.0065953160  -0.0057167902  -0.0041656187   0.0047954488
       -0.0029660843  -0.0046440463  -0.0007715202   0.0007846813  -0.0009246394
        0.0003081615  -0.0019325896  -0.0021923791  -0.0005568664  -0.0009521954
        0.0003559859   0.1840946850   0.0959023214   0.1318678864  -0.0009400206
        0.0006968929   0.0012051750   0.0008968828   0.0005783264   0.0004160456
       -0.0012114328  -0.0011748173  -0.0006665744   0.0001473641   0.0000629562
       -0.0000272936   0.0000665001  -0.0000050842   0.0000030261  -0.0000939502
       -0.0001665348  -0.0001186637   0.0000490909   0.0000840001   0.0000776485
       -0.0837039926  -0.0885493129  -0.0637438456   0.0085597727   0.0050582252
        0.0055980477  -0.0163573733  -0.0049484107  -0.0127357312  -0.0026940187
        0.0008251398   0.0045516053  -0.0005678759  -0.0016515859  -0.0004379805
       -0.0024847073  -0.0024352961  -0.0006129287   0.0000800515  -0.0011121634
       -0.0000334882   0.0959023214   0.0926141771   0.0674876357   0.0008466456
        0.0000612819  -0.0004911973  -0.0002042759  -0.0002791714  -0.0000368223
        0.0008334590   0.0008795500   0.0006664993   0.0000707370  -0.0000235185
        0.0000995973  -0.0001719111  -0.0001901520  -0.0002644908  -0.0001064070
       -0.0001713062  -0.0000581329  -0.0000024256  -0.0000774569   0.0000112322
       -0.1127420472  -0.0638910959  -0.1235319984  -0.0169508227  -0.0112496522
       -0.0156195702   0.0022647826   0.0024658680   0.0021174727  -0.0063826492
        0.0040203962   0.0003155018   0.0004996016  -0.0003571400   0.0003714718
        0.0003829544   0.0021092364   0.0009665971   0.0004117262   0.0006119577
        0.0000160612   0.1318678864   0.0674876357   0.1359372723   0.0010782222
       -0.0007427605  -0.0002839876  -0.0012304803  -0.0013121814  -0.0008113830
        0.0005857032   0.0007949977   0.0005269522   0.0000975080  -0.0000533604
        0.0000691482   0.0000356554  -0.0000083192  -0.0001716082   0.0000849016
        0.0000820376   0.0000673501  -0.0000029421   0.0000423804   0.0000307201
        0.0022500831   0.0122663724  -0.0059164560  -0.0492179509  -0.0574590312
        0.0207409350   0.0038420765  -0.0026517960  -0.0068877741  -0.0026100317
       -0.0133638396   0.0063152063   0.0004844460  -0.0015904789  -0.0005529470
       -0.0007434495  -0.0034319863  -0.0006499278  -0.0005350435  -0.0003614584
        0.0017838385  -0.0009400206   0.0008466456   0.0010782222   0.0473892487
        0.0662765565  -0.0167353027   0.0002609155   0.0000046627   0.0002827648
       -0.0001951793  -0.0004771298   0.0001205327  -0.0000773406  -0.0001893343
        0.0001887549  -0.0001183970   0.0000401112  -0.0000317406  -0.0000041381
       -0.0000143619  -0.0000906660   0.0002147815   0.0001050677   0.0003545599
       -0.0026067539  -0.0112566783   0.0049566587  -0.0561434095  -0.2485050378
        0.0975556608  -0.0028908014  -0.0006613848   0.0047668699  -0.0037975008
       -0.0131800365   0.0068539359  -0.0006150418   0.0009489080   0.0003101605
       -0.0014197778  -0.0018240078  -0.0006414832   0.0002146199  -0.0003793661
       -0.0000811261   0.0006968929   0.0000612819  -0.0007427605   0.0662765565
        0.2747183150  -0.1130028759   0.0000161302   0.0003568092   0.0001446130
        0.0000400733  -0.0000225746  -0.0001715885   0.0001512766   0.0000313206
       -0.0001746370   0.0000396526  -0.0002087272   0.0002165921   0.0002247867
       -0.0002391389   0.0001568461  -0.0001867035   0.0001603173  -0.0001468659
        0.0069640717   0.0216204833  -0.0091797427   0.0189937862   0.0961623810
       -0.0837315690  -0.0058596821   0.0054464599  -0.0009199419  -0.0032165061
       -0.0096476411   0.0052524034   0.0003812257   0.0014207533   0.0003951954
       -0.0018901558  -0.0014119212  -0.0009094311  -0.0000506459  -0.0001794296
       -0.0000386149   0.0012051750  -0.0004911973  -0.0002839876  -0.0167353027
       -0.1130028759   0.0891779434   0.0000831053  -0.0000840216   0.0001688784
        0.0000211861   0.0002195032  -0.0001693396   0.0000613653   0.0002298750
        0.0000481657   0.0000119655  -0.0001188806   0.0001783233   0.0001087795
       -0.0002395713   0.0000745836  -0.0000783679   0.0000760828  -0.0000628663
       -0.0025411980  -0.0019050255  -0.0011278143  -0.0183969652   0.0067898472
       -0.0087231566  -0.0003253752  -0.0001327900   0.0006027053  -0.2019472325
        0.0933075396  -0.0558125488  -0.0001100067  -0.0001068624  -0.0000962987
        0.0039517804  -0.0017334956   0.0009664527   0.0001486275  -0.0005437378
        0.0004983598   0.0008968828  -0.0002042759  -0.0012304803   0.0002609155
        0.0000161302   0.0000831053   0.2327250108  -0.1059383016   0.0663385686
       -0.0164225332   0.0112654348  -0.0017195884   0.0002045298  -0.0000100363
       -0.0000443855   0.0014652244  -0.0006883307   0.0003487975   0.0001222184
       -0.0000481352  -0.0000385902  -0.0000318787  -0.0000679608  -0.0000451263
       -0.0021512042  -0.0012023397  -0.0019680751  -0.0147615440   0.0088331428
       -0.0045821831  -0.0011237762  -0.0018680496   0.0030477179   0.0915525455
       -0.0950544793   0.0330442369   0.0005060189  -0.0002324218   0.0002676577
        0.0148348215  -0.0100220005   0.0074900034   0.0002440789  -0.0008902123
        0.0019400453   0.0005783264  -0.0002791714  -0.0013121814   0.0000046627
        0.0003568092  -0.0000840216  -0.1059383016   0.1076295803  -0.0386790039
        0.0155720989  -0.0076398814   0.0017430347   0.0004683045  -0.0001565857
       -0.0001809962   0.0000768819   0.0005719196  -0.0009211576   0.0001459784
       -0.0001684433   0.0001824436  -0.0000088917   0.0001221330   0.0000124795
       -0.0020089993  -0.0014282212   0.0001157166  -0.0145156116   0.0037231306
       -0.0064973309  -0.0008042886   0.0029464685  -0.0036871142  -0.0556980088
        0.0341569647  -0.0594273617  -0.0008166335   0.0002381184  -0.0004599871
       -0.0131441018   0.0108232707  -0.0076494316  -0.0002856049  -0.0000618766
       -0.0013686164   0.0004160456  -0.0000368223  -0.0008113830   0.0002827648
        0.0001446130   0.0001688784   0.0663385686  -0.0386790039   0.0733517621
        0.0212952071  -0.0127203782   0.0055308093  -0.0003756539   0.0002236479
        0.0000724347  -0.0005986120   0.0006528195   0.0006098057  -0.0001466911
        0.0000626897  -0.0000221717   0.0000616193  -0.0000454209   0.0000739898
       -0.0009984643  -0.0014567287  -0.0011105275   0.0064829452  -0.0088573004
       -0.0162639179  -0.0001361915  -0.0004813785  -0.0003700128  -0.0846857519
        0.0449765742   0.0796792296  -0.0000277669  -0.0002767706   0.0001909361
       -0.0032773127   0.0005955779   0.0080027792   0.0002819284   0.0004671017
       -0.0005863275  -0.0012114328   0.0008334590   0.0005857032  -0.0001951793
        0.0000400733   0.0000211861  -0.0164225332   0.0155720989   0.0212952071
        0.0998400670  -0.0501149041  -0.0932536477  -0.0000713313  -0.0000115114
        0.0000051732   0.0000728519  -0.0011741406   0.0019778435   0.0000032391
        0.0001097782  -0.0000642358   0.0003449324  -0.0002219288  -0.0001093887
       -0.0005433365  -0.0019422419  -0.0000615542   0.0035491032  -0.0097058171
       -0.0195114843  -0.0001750369  -0.0005053845   0.0002264606   0.0475129189
       -0.0784236281  -0.0749812260   0.0006790547  -0.0003764203  -0.0001138483
       -0.0086403563   0.0064567525   0.0161929751  -0.0009864540   0.0009900611
       -0.0003546580  -0.0011748173   0.0008795500   0.0007949977  -0.0004771298
       -0.0000225746   0.0002195032   0.0112654348  -0.0076398814  -0.0127203782
       -0.0501149041   0.0921745642   0.0868055836   0.0001598609   0.0000603764
       -0.0003293256  -0.0009634350  -0.0015361539   0.0035017374  -0.0000738391
        0.0001902157   0.0000101797  -0.0000170635  -0.0005994180   0.0003210373
       -0.0003487297  -0.0019058110   0.0000992992  -0.0004169639  -0.0104916550
       -0.0154698485   0.0004499325   0.0000060327  -0.0009130028   0.0845726726
       -0.0736433772  -0.1803584319  -0.0005018066   0.0003861978   0.0002006767
        0.0111664928  -0.0046485845  -0.0189496261   0.0001056287  -0.0008341216
        0.0010109779  -0.0006665744   0.0006664993   0.0005269522   0.0001205327
       -0.0001715885  -0.0001693396  -0.0017195884   0.0017430347   0.0055308093
       -0.0932536477   0.0868055836   0.2111467802   0.0001166311  -0.0001187243
        0.0001691402   0.0004576325   0.0017709488  -0.0034485631  -0.0000461669
       -0.0001594568   0.0002225883  -0.0000360453   0.0005950220   0.0004015879
        0.0000554330  -0.0003211376  -0.0004135326  -0.0004713004  -0.0006038383
       -0.0007234520  -0.0065207307   0.0040551348  -0.0007121199  -0.0017231176
        0.0012295756  -0.0009584910  -0.1722739677   0.1051034486  -0.0883371282
        0.0029069152   0.0075403348  -0.0059109636  -0.0056501432   0.0075224541
       -0.0021516005   0.0001473641   0.0000707370   0.0000975080  -0.0000773406
        0.0001512766   0.0000613653   0.0002045298   0.0004683045  -0.0003756539
       -0.0000713313   0.0001598609   0.0001166311   0.1839007827  -0.1253342370
        0.0998295398   0.0009100199  -0.0002086497   0.0002226311  -0.0007928235
       -0.0000803311  -0.0004701950  -0.0005442895   0.0002470669  -0.0002745386
        0.0014643134  -0.0001433675   0.0003238605   0.0000501579  -0.0002834516
        0.0002710426   0.0172099506  -0.0092520304   0.0114105542   0.0002678136
       -0.0002957991   0.0003332561   0.1069524704  -0.1321979542   0.0588457376
        0.0032364535  -0.0019274380   0.0001997541  -0.0036136135   0.0029969822
       -0.0014621536   0.0000629562  -0.0000235185  -0.0000533604  -0.0001893343
        0.0000313206   0.0002298750  -0.0000100363  -0.0001565857   0.0002236479
       -0.0000115114   0.0000603764  -0.0001187243  -0.1253342370   0.1414169690
       -0.0702141650   0.0006754951  -0.0001073102   0.0005419523  -0.0004775652
       -0.0000910959  -0.0004000294  -0.0002833129  -0.0000270971  -0.0001312475
        0.0005801575  -0.0000908755   0.0008509417  -0.0000614634   0.0000091599
        0.0006478301   0.0017274862  -0.0007712960  -0.0036330016   0.0012830324
       -0.0002965432   0.0010577789  -0.0863975310   0.0627411225  -0.0793664485
       -0.0082939100  -0.0001466983   0.0070377428  -0.0065502029   0.0079034585
       -0.0039196999  -0.0000272936   0.0000995973   0.0000691482   0.0001887549
       -0.0001746370   0.0000481657  -0.0000443855  -0.0001809962   0.0000724347
        0.0000051732  -0.0003293256   0.0001691402   0.0998295398  -0.0702141650
        0.0783452856  -0.0020536250   0.0011465661  -0.0008966163  -0.0000894004
        0.0004067327  -0.0002467786  -0.0000963321  -0.0001021003  -0.0002359230
       -0.0006024367   0.0003749984  -0.0009458332   0.0000391392  -0.0008513163
       -0.0001785331  -0.0227465134   0.0052276586   0.0087811514  -0.0039227163
        0.0003877605   0.0049197829  -0.0024455816   0.0010665773  -0.0019745741
       -0.2126485482   0.0377763802   0.0998732279  -0.0044929978   0.0023323571
        0.0025657487   0.0000665001  -0.0001719111   0.0000356554  -0.0001183970
        0.0000396526   0.0000119655   0.0014652244   0.0000768819  -0.0005986120
        0.0000728519  -0.0009634350   0.0004576325   0.0009100199   0.0006754951
       -0.0020536250   0.2438722341  -0.0459655025  -0.1101798219   0.0007482641
        0.0000715571  -0.0000203349  -0.0001970427  -0.0000771538  -0.0006938300
       -0.0002498890  -0.0001548368  -0.0005788474  -0.0001143191  -0.0006340349
        0.0003859390  -0.0035640313   0.0012266976   0.0028471405  -0.0128708519
        0.0010707655   0.0109094084   0.0010782134  -0.0019558999   0.0001673822
        0.0385241727  -0.0459866527  -0.0225287284   0.0230410479  -0.0089514362
       -0.0126511199  -0.0000050842  -0.0001901520  -0.0000083192   0.0000401112
       -0.0002087272  -0.0001188806  -0.0006883307   0.0005719196   0.0006528195
       -0.0011741406  -0.0015361539   0.0017709488  -0.0002086497  -0.0001073102
        0.0011465661  -0.0459655025   0.0597832999   0.0180206342   0.0001889500
        0.0000645660  -0.0005098342   0.0019683039  -0.0029920446   0.0004948909
       -0.0006397426   0.0002541028  -0.0008478303   0.0003147188   0.0006611011
       -0.0011620582  -0.0149597562   0.0024347505   0.0089422911   0.0217066873
       -0.0005444266  -0.0149315859  -0.0001333060  -0.0002139820   0.0004130371
        0.0957267878  -0.0228124469  -0.0894231156   0.0053888982  -0.0003017543
       -0.0028651008   0.0000030261  -0.0002644908  -0.0001716082  -0.0000317406
        0.0002165921   0.0001783233   0.0003487975  -0.0009211576   0.0006098057
        0.0019778435   0.0035017374  -0.0034485631   0.0002226311   0.0005419523
       -0.0008966163  -0.1101798219   0.0180206342   0.1032727592  -0.0001717188
        0.0006156332   0.0003636983   0.0004266958  -0.0011882453  -0.0000334362
        0.0007164953  -0.0007765004  -0.0012500890  -0.0002398926   0.0000553751
       -0.0005739154  -0.0012094456  -0.0027411020  -0.0018391995   0.0002822805
        0.0015804365   0.0002418709  -0.0171175411  -0.0136676671   0.0055089289
        0.0043623394   0.0024346155  -0.0028189000  -0.1586326023  -0.0937138470
        0.0661332029  -0.0000939502  -0.0001064070   0.0000849016  -0.0000041381
        0.0002247867   0.0001087795   0.0001222184   0.0001459784  -0.0001466911
        0.0000032391  -0.0000738391  -0.0000461669  -0.0007928235  -0.0004775652
       -0.0000894004   0.0007482641   0.0001889500  -0.0001717188   0.1805434493
        0.1137893529  -0.0735501165  -0.0086878925  -0.0068625673   0.0084085137
        0.0000272595  -0.0008564813  -0.0013253959  -0.0002566303  -0.0006298153
        0.0001969780  -0.0035599381  -0.0015477996  -0.0024763439  -0.0010774736
       -0.0020917672  -0.0014146137  -0.0067852987  -0.0050453262  -0.0036450411
       -0.0149756365  -0.0132075031   0.0120189401  -0.0919080003  -0.1203363528
        0.0568211082  -0.0001665348  -0.0001713062   0.0000820376  -0.0000143619
       -0.0002391389  -0.0002395713  -0.0000481352  -0.0001684433   0.0000626897
        0.0001097782   0.0001902157  -0.0001594568  -0.0000803311  -0.0000910959
        0.0004067327   0.0000715571   0.0000645660   0.0006156332   0.1137893529
        0.1383769305  -0.0581427034   0.0048743930   0.0057533174  -0.0028009934
        0.0003150324  -0.0007049567  -0.0010501871  -0.0000042388   0.0000657479
        0.0000036458  -0.0004100141  -0.0020488960  -0.0000263054   0.0000696994
        0.0008741765  -0.0002493731  -0.0120055002  -0.0085593268   0.0076543321
        0.0017636832  -0.0008899216  -0.0011931216   0.0611562114   0.0538417724
       -0.0754387129  -0.0001186637  -0.0000581329   0.0000673501  -0.0000906660
        0.0001568461   0.0000745836  -0.0000385902   0.0001824436  -0.0000221717
       -0.0000642358   0.0000101797   0.0002225883  -0.0004701950  -0.0004000294
       -0.0002467786  -0.0000203349  -0.0005098342   0.0003636983  -0.0735501165
       -0.0581427034   0.0851882330   0.0234679290   0.0161826348  -0.0153477808
       -0.0008360710  -0.0003324250   0.0015465189  -0.0003874784  -0.0003889299
       -0.0003121945  -0.0015886359   0.0004499548  -0.0020123515   0.0001096936
       -0.0004048712   0.0001242114   0.0042073190  -0.0090724826  -0.0212248183
       -0.0025951223   0.0038104612   0.0079801147  -0.0577806746   0.0225110265
        0.0640385906   0.0000490909  -0.0000024256  -0.0000029421   0.0002147815
       -0.0001867035  -0.0000783679  -0.0000318787  -0.0000088917   0.0000616193
        0.0003449324  -0.0000170635  -0.0000360453  -0.0005442895  -0.0002833129
       -0.0000963321  -0.0001970427   0.0019683039   0.0004266958  -0.0086878925
        0.0048743930   0.0234679290   0.0677232680  -0.0229170337  -0.0738826280
       -0.0013434929  -0.0011245388   0.0016543227  -0.0010299514  -0.0001998721
       -0.0005025022   0.0016768132  -0.0016279561   0.0002702401   0.0008586314
        0.0014211385  -0.0007312658  -0.0010906272  -0.0012081072  -0.0043442735
        0.0077773344  -0.0126769085  -0.0236271145   0.0228618023  -0.0618401248
       -0.0699569497   0.0000840001  -0.0000774569   0.0000423804   0.0001050677
        0.0001603173   0.0000760828  -0.0000679608   0.0001221330  -0.0000454209
       -0.0002219288  -0.0005994180   0.0005950220   0.0002470669  -0.0000270971
       -0.0001021003  -0.0000771538  -0.0029920446  -0.0011882453  -0.0068625673
        0.0057533174   0.0161826348  -0.0229170337   0.0749166178   0.0816771893
       -0.0009524383   0.0003339385   0.0016593336  -0.0001656153  -0.0002841969
       -0.0001468081  -0.0012062296  -0.0006384051  -0.0012099613  -0.0003337426
        0.0001904467   0.0004648667   0.0007175586  -0.0093183107  -0.0186697068
        0.0000006700  -0.0014650820  -0.0002173867   0.0681045866  -0.0682561127
       -0.2329118604   0.0000776485   0.0000112322   0.0000307201   0.0003545599
       -0.0001468659  -0.0000628663  -0.0000451263   0.0000124795   0.0000739898
       -0.0001093887   0.0003210373   0.0004015879  -0.0002745386  -0.0001312475
       -0.0002359230  -0.0006938300   0.0004948909  -0.0000334362   0.0084085137
       -0.0028009934  -0.0153477808  -0.0738826280   0.0816771893   0.2662052317
