           1           2   1.8429547450735106     
           1           3   1.0976361124578771     
           2           4   1.0165131230555069     
           2           5  0.11241486106791530     
           3           5   1.7822180928677016     
           3           6  0.98844395752587033     
           4           6  0.99032278561825016     
           5           7   1.0263960891951518     
           6           7  0.97598970544869945     
           1           8  0.96734626912396116     
           2           9  0.97065408069165227     
           4          10  0.97261325365585383     
           4          11  0.95585965065112077     
           5          12  0.97010377703355666     
           6          13  0.96442881294150340     
           7          14  0.97116708202386659     
           7          15  0.96419815407154663     
