$hessian                                                                        
        0.4728530437  -0.1120844721   0.0000053686  -0.0438927427  -0.0152470516
       -0.0000034343  -0.2211801602   0.0233632846   0.0000171379  -0.0521576254
        0.0478034223   0.0000084704  -0.0734559481   0.0347945976   0.0742273688
       -0.0734996184   0.0348493405  -0.0742521705   0.0006347975  -0.0093596308
       -0.0002565680   0.0006332867  -0.0093621324   0.0002511451  -0.0080511431
        0.0018046474   0.0000019947  -0.0018838901   0.0034379946   0.0000006872
       -0.1120844721   0.4621217955  -0.0000208882   0.0154642916  -0.1799884043
       -0.0000208766  -0.0081124679  -0.0413483630   0.0000037443   0.0395345533
       -0.0550180077  -0.0000101898   0.0362313328  -0.0794887971  -0.0800800942
        0.0362870976  -0.0795667620   0.0801350211   0.0004290498  -0.0123504299
       -0.0004962964   0.0004281187  -0.0123588260   0.0004896968  -0.0137632140
        0.0016395628   0.0000029956   0.0055857103  -0.0036417683  -0.0000031125
        0.0000053686  -0.0000208882   0.5216775494   0.0000046939  -0.0000208317
       -0.0775510823   0.0000109463  -0.0000008465  -0.0594450095   0.0000025407
       -0.0000052846   0.0107859185   0.0786021722  -0.0802818974  -0.2036997774
       -0.0786241399   0.0803371118  -0.2035973234   0.0022094896  -0.0226923186
       -0.0009479478  -0.0022085943   0.0226849738  -0.0009379858  -0.0000012327
       -0.0000001054  -0.0002904522  -0.0000012444   0.0000000868   0.0140061106
       -0.0438927427   0.0154642916   0.0000046939   0.4724962515   0.1121012902
       -0.0000058990  -0.0520182606  -0.0477986365  -0.0000073385  -0.2211562244
       -0.0236503353  -0.0000137989   0.0006204756   0.0093800760   0.0002570532
        0.0006190289   0.0093830963  -0.0002522306  -0.0733457867  -0.0347867926
       -0.0741022012  -0.0733830752  -0.0348377473   0.0741219431  -0.0018694518
       -0.0034345484  -0.0000006135  -0.0080702146  -0.0018206941  -0.0000016087
       -0.0152470516  -0.1799884043  -0.0000208317   0.1121012902   0.4624797438
       -0.0000229811  -0.0395298497  -0.0551573680  -0.0000093767   0.0078255246
       -0.0413731775   0.0000035961  -0.0004083338  -0.0123361226  -0.0004957978
       -0.0004073951  -0.0123445207   0.0004893636  -0.0362233403  -0.0796022009
       -0.0801980777  -0.0362756921  -0.0796803755   0.0802543694  -0.0055828826
       -0.0036561876  -0.0000029872   0.0137477305   0.0016586133   0.0000027232
       -0.0000034343  -0.0000208766  -0.0775510823  -0.0000058990  -0.0000229811
        0.5216778605  -0.0000035710  -0.0000042738   0.0107860942  -0.0000052716
        0.0000002063  -0.0594462761  -0.0021735281  -0.0226961785  -0.0009473367
        0.0021724117   0.0226881593  -0.0009376629  -0.0784768259  -0.0804069025
       -0.2036972706   0.0784932452   0.0804631110  -0.2036006906   0.0000018498
        0.0000000165   0.0140054856   0.0000010232  -0.0000002807  -0.0002891210
       -0.2211801602  -0.0081124679   0.0000109463  -0.0520182606  -0.0395298497
       -0.0000035710   0.5436104623   0.1404869830  -0.0000224610  -0.0515208799
        0.0118824715   0.0000014699  -0.0149126699   0.0033048249   0.0029917376
       -0.0149143093   0.0033075543  -0.0029848091  -0.0035063398  -0.0016178833
       -0.0010061408  -0.0035059040  -0.0016221327   0.0010089049  -0.1806288033
       -0.1282992589   0.0000034558  -0.0014231354   0.0201997589   0.0000004674
        0.0233632846  -0.0413483630  -0.0000008465  -0.0477986365  -0.0551573680
       -0.0000042738   0.1404869830   0.8490722354   0.0000262927  -0.0110723003
       -0.5592699344  -0.0000191441   0.0132931357  -0.0006744169  -0.0017387618
        0.0133014789  -0.0006771458   0.0017351477  -0.0016388653  -0.0014149530
       -0.0001094436  -0.0016434269  -0.0014145704   0.0001104260  -0.1294684130
       -0.1762360050   0.0000031087   0.0011767597  -0.0128794789  -0.0000025054
        0.0000171379   0.0000037443  -0.0594450095  -0.0000073385  -0.0000093767
        0.0107860942  -0.0000224610   0.0000262927   0.1167472580  -0.0000009540
       -0.0000194135  -0.0345297021   0.0238685608   0.0008864822   0.0002251853
       -0.0238595228  -0.0008870680   0.0002314426  -0.0001716084  -0.0001337545
        0.0006189025   0.0001706323   0.0001324794   0.0006186438   0.0000046528
        0.0000018742  -0.0328936162   0.0000009007  -0.0000012600  -0.0023591984
       -0.0521576254   0.0395345533   0.0000025407  -0.2211562244   0.0078255246
       -0.0000052716  -0.0515208799  -0.0110723003  -0.0000009540   0.5440609788
       -0.1409740580   0.0000138003  -0.0035114857   0.0016143007   0.0010067404
       -0.0035110972   0.0016190768  -0.0010086827  -0.0148866965  -0.0033272464
       -0.0029890629  -0.0148872566  -0.0033305240   0.0029819764  -0.0013890929
       -0.0201823025  -0.0000002214  -0.1810406202   0.1282929758  -0.0000008652
        0.0478034223  -0.0550180077  -0.0000052846  -0.0236503353  -0.0413731775
        0.0000002063   0.0118824715  -0.5592699344  -0.0000194135  -0.1409740580
        0.8486233149   0.0000289618   0.0016355302  -0.0014098033  -0.0001079151
        0.0016401363  -0.0014093347   0.0001087387  -0.0133158372  -0.0007009060
       -0.0017434128  -0.0133241644  -0.0007037253   0.0017400315  -0.0011583990
       -0.0129136353  -0.0000024657   0.1294612336  -0.1758247906   0.0000005534
        0.0000084704  -0.0000101898   0.0107859185  -0.0000137989   0.0000035961
       -0.0594462761   0.0000014699  -0.0000191441  -0.0345297021   0.0000138003
        0.0000289618   0.1167470284   0.0001718456  -0.0001334140   0.0006190190
       -0.0001706837   0.0001321006   0.0006188069  -0.0238694423   0.0008486401
        0.0002262934   0.0238610137  -0.0008490982   0.0002314957  -0.0000009289
       -0.0000008557  -0.0023591032  -0.0000017461  -0.0000005967  -0.0328934805
       -0.0734559481   0.0362313328   0.0786021722   0.0006204756  -0.0004083338
       -0.0021735281  -0.0149126699   0.0132931357   0.0238685608  -0.0035114857
        0.0016355302   0.0001718456   0.0864132691  -0.0469995801  -0.0878161658
        0.0054529247  -0.0036742565  -0.0094639893  -0.0000600044  -0.0013509696
       -0.0002948314   0.0004216275   0.0002036599  -0.0001809555  -0.0006585697
        0.0003424308   0.0000083280  -0.0003096193   0.0007270506  -0.0027214364
        0.0347945976  -0.0794887971  -0.0802818974   0.0093800760  -0.0123361226
       -0.0226961785   0.0033048249  -0.0006744169   0.0008864822   0.0016143007
       -0.0014098033  -0.0001334140  -0.0469995801   0.0914462613   0.0916958055
       -0.0036763011   0.0056524702   0.0098346286   0.0013559629  -0.0031725365
       -0.0001386027  -0.0002034109   0.0001908947  -0.0004269392  -0.0002747273
       -0.0000035425  -0.0003401990   0.0007042573  -0.0002044072   0.0016003144
        0.0742273688  -0.0800800942  -0.2036997774   0.0002570532  -0.0004957978
       -0.0009473367   0.0029917376  -0.0017387618   0.0002251853   0.0010067404
       -0.0001079151   0.0006190190  -0.0878161658   0.0916958055   0.2319891616
        0.0094532565  -0.0098168075  -0.0293014822   0.0002950520  -0.0001381940
        0.0002751826  -0.0001815166   0.0004262387   0.0007001953  -0.0000330546
        0.0000545376  -0.0001417944  -0.0002004715   0.0002009886   0.0002816470
       -0.0734996184   0.0362870976  -0.0786241399   0.0006190289  -0.0004073951
        0.0021724117  -0.0149143093   0.0133014789  -0.0238595228  -0.0035110972
        0.0016401363  -0.0001706837   0.0054529247  -0.0036763011   0.0094532565
        0.0864611874  -0.0470677504   0.0878403841   0.0004216339   0.0002037324
        0.0001808515  -0.0000609909  -0.0013506009   0.0002938674  -0.0006584418
        0.0003421683  -0.0000082422  -0.0003103174   0.0007274341   0.0027218173
        0.0348493405  -0.0795667620   0.0803371118   0.0093830963  -0.0123445207
        0.0226881593   0.0033075543  -0.0006771458  -0.0008870680   0.0016190768
       -0.0014093347   0.0001321006  -0.0036742565   0.0056524702  -0.0098168075
       -0.0470677504   0.0915345958  -0.0917567961  -0.0002033255   0.0001908732
        0.0004264813   0.0013556079  -0.0031720271   0.0001368995  -0.0002744705
       -0.0000038256   0.0003403750   0.0007051272  -0.0002043232  -0.0016004559
       -0.0742521705   0.0801350211  -0.2035973234  -0.0002522306   0.0004893636
       -0.0009376629  -0.0029848091   0.0017351477   0.0002314426  -0.0010086827
        0.0001087387   0.0006188069  -0.0094639893   0.0098346286  -0.0293014822
        0.0878403841  -0.0917567961   0.2318727892   0.0001816514  -0.0004267693
        0.0007001945  -0.0002940565   0.0001365158   0.0002745428   0.0000333731
       -0.0000549221  -0.0001416333   0.0002005301  -0.0002009281   0.0002803258
        0.0006347975   0.0004290498   0.0022094896  -0.0733457867  -0.0362233403
       -0.0784768259  -0.0035063398  -0.0016388653  -0.0001716084  -0.0148866965
       -0.0133158372  -0.0238694423  -0.0000600044   0.0013559629   0.0002950520
        0.0004216339  -0.0002033255   0.0001816514   0.0862669003   0.0469933180
        0.0876730437   0.0054412248   0.0036737544   0.0094475755  -0.0003072833
       -0.0007271624   0.0027190584  -0.0006584457  -0.0003435544  -0.0000079941
       -0.0093596308  -0.0123504299  -0.0226923186  -0.0347867926  -0.0796022009
       -0.0804069025  -0.0016178833  -0.0014149530  -0.0001337545  -0.0033272464
       -0.0007009060   0.0008486401  -0.0013509696  -0.0031725365  -0.0001381940
        0.0002037324   0.0001908732  -0.0004267693   0.0469933180   0.0915963068
        0.0918352879   0.0036761973   0.0056642430   0.0098496179  -0.0007043588
       -0.0002066837   0.0016048142   0.0002736339  -0.0000037129  -0.0003404213
       -0.0002565680  -0.0004962964  -0.0009479478  -0.0741022012  -0.0801980777
       -0.2036972706  -0.0010061408  -0.0001094436   0.0006189025  -0.0029890629
       -0.0017434128   0.0002262934  -0.0002948314  -0.0001386027   0.0002751826
        0.0001808515   0.0004264813   0.0007001945   0.0876730437   0.0918352879
        0.2319864946  -0.0094382549  -0.0098319127  -0.0293013820   0.0002001389
        0.0002013612   0.0002819531   0.0000330251   0.0000546154  -0.0001424203
        0.0006332867   0.0004281187  -0.0022085943  -0.0733830752  -0.0362756921
        0.0784932452  -0.0035059040  -0.0016434269   0.0001706323  -0.0148872566
       -0.0133241644   0.0238610137   0.0004216275  -0.0002034109  -0.0001815166
       -0.0000609909   0.0013556079  -0.0002940565   0.0054412248   0.0036761973
       -0.0094382549   0.0863074892   0.0470576266  -0.0876910071  -0.0003080860
       -0.0007275649  -0.0027193534  -0.0006583154  -0.0003432912   0.0000078916
       -0.0093621324  -0.0123588260   0.0226849738  -0.0348377473  -0.0796803755
        0.0804631110  -0.0016221327  -0.0014145704   0.0001324794  -0.0033305240
       -0.0007037253  -0.0008490982   0.0002036599   0.0001908947   0.0004262387
       -0.0013506009  -0.0031720271   0.0001365158   0.0036737544   0.0056642430
       -0.0098319127   0.0470576266   0.0916848941  -0.0918979592  -0.0007053502
       -0.0002065565  -0.0016049604   0.0002734467  -0.0000039508   0.0003406118
        0.0002511451   0.0004896968  -0.0009379858   0.0741219431   0.0802543694
       -0.2036006906   0.0010089049   0.0001104260   0.0006186438   0.0029819764
        0.0017400315   0.0002314957  -0.0001809555  -0.0004269392   0.0007001953
        0.0002938674   0.0001368995   0.0002745428   0.0094475755   0.0098496179
       -0.0293013820  -0.0876910071  -0.0918979592   0.2318766755  -0.0002002270
       -0.0002012403   0.0002807054  -0.0000332228  -0.0000549025  -0.0001422001
       -0.0080511431  -0.0137632140  -0.0000012327  -0.0018694518  -0.0055828826
        0.0000018498  -0.1806288033  -0.1294684130   0.0000046528  -0.0013890929
       -0.0011583990  -0.0000009289  -0.0006585697  -0.0002747273  -0.0000330546
       -0.0006584418  -0.0002744705   0.0000333731  -0.0003072833  -0.0007043588
        0.0002001389  -0.0003080860  -0.0007053502  -0.0002002270   0.1934090625
        0.1514059316  -0.0000044562   0.0004618093   0.0005258839  -0.0000001152
        0.0018046474   0.0016395628  -0.0000001054  -0.0034345484  -0.0036561876
        0.0000000165  -0.1282992589  -0.1762360050   0.0000018742  -0.0201823025
       -0.0129136353  -0.0000008557   0.0003424308  -0.0000035425   0.0000545376
        0.0003421683  -0.0000038256  -0.0000549221  -0.0007271624  -0.0002066837
        0.0002013612  -0.0007275649  -0.0002065565  -0.0002012403   0.1514059316
        0.1921036717  -0.0000010341  -0.0005243410  -0.0005167983   0.0000003681
        0.0000019947   0.0000029956  -0.0002904522  -0.0000006135  -0.0000029872
        0.0140054856   0.0000034558   0.0000031087  -0.0328936162  -0.0000002214
       -0.0000024657  -0.0023591032   0.0000083280  -0.0003401990  -0.0001417944
       -0.0000082422   0.0003403750  -0.0001416333   0.0027190584   0.0016048142
        0.0002819531  -0.0027193534  -0.0016049604   0.0002807054  -0.0000044562
       -0.0000010341   0.0208386839   0.0000000498   0.0000003529   0.0004197713
       -0.0018838901   0.0055857103  -0.0000012444  -0.0080702146   0.0137477305
        0.0000010232  -0.0014231354   0.0011767597   0.0000009007  -0.1810406202
        0.1294612336  -0.0000017461  -0.0003096193   0.0007042573  -0.0002004715
       -0.0003103174   0.0007051272   0.0002005301  -0.0006584457   0.0002736339
        0.0000330251  -0.0006583154   0.0002734467  -0.0000332228   0.0004618093
       -0.0005243410   0.0000000498   0.1938927488  -0.1514035583   0.0000011560
        0.0034379946  -0.0036417683   0.0000000868  -0.0018206941   0.0016586133
       -0.0000002807   0.0201997589  -0.0128794789  -0.0000012600   0.1282929758
       -0.1758247906  -0.0000005967   0.0007270506  -0.0002044072   0.0002009886
        0.0007274341  -0.0002043232  -0.0002009281  -0.0003435544  -0.0000037129
        0.0000546154  -0.0003432912  -0.0000039508  -0.0000549025   0.0005258839
       -0.0005167983   0.0000003529  -0.1514035583   0.1916206169   0.0000019242
        0.0000006872  -0.0000031125   0.0140061106  -0.0000016087   0.0000027232
       -0.0002891210   0.0000004674  -0.0000025054  -0.0023591984  -0.0000008652
        0.0000005534  -0.0328934805  -0.0027214364   0.0016003144   0.0002816470
        0.0027218173  -0.0016004559   0.0002803258  -0.0000079941  -0.0003404213
       -0.0001424203   0.0000078916   0.0003406118  -0.0001422001  -0.0000001152
        0.0000003681   0.0004197713   0.0000011560   0.0000019242   0.0208385657
