           1           2  0.99591774107523245     
           1           3   1.0252840884600090     
           2           4   1.0252842162108928     
           3           4   1.9186898855775971     
           1           5  0.96922189853386753     
           1           6  0.96923004829372061     
           2           7  0.96922186966713120     
           2           8  0.96922998940361660     
           3           9  0.97034814612358911     
           4          10  0.97034817646563731     
