 -1.0
 -0.11792938518376D+01 -0.11694856150769D+01 -0.21867355012062D+01 -0.55542602964481D-03 -0.14207434005531D-03 -0.56691449583241D-03
 -0.19919239648525D+01 -0.16518421390272D+01  0.58341858969350D+00 -0.17418393680106D-02  0.32094494903565D-03 -0.82661383202704D-03
  0.50914558796292D+00 -0.26134291175068D+01 -0.22593434857679D+00  0.41164493985175D-03 -0.35048826442947D-03  0.46787198118182D-03
  0.19338356041399D+01 -0.75213246600776D+00  0.14015458277760D+01  0.17396233700530D-02  0.10814200871697D-03  0.61275138332731D-03
 -0.19962501518420D+01  0.11853810855789D+01 -0.56694804157843D+00  0.11117335545440D-02 -0.50539301183006D-03  0.77892506059971D-03
  0.25288743260264D+01  0.16038166446272D+01  0.42451395519741D+00  0.55092103839818D-04 -0.30564348246491D-03 -0.17942202085007D-03
  0.42355224976232D+00  0.29364968720075D+01  0.62176250811382D+00 -0.34606407806299D-03 -0.48278311263663D-04 -0.33656824243733D-04
 -0.18752882125986D+01 -0.20427674950521D+01 -0.41194967933022D+01 -0.24510607334670D-03  0.17912865821700D-02  0.51405958818221D-03
 -0.30906231885349D+01 -0.30472189720032D+01  0.12639854151710D+01 -0.19955793541277D-02  0.19579494605455D-02 -0.32183828034188D-02
 -0.19905587395543D-01 -0.47342581183612D+01 -0.42044288723282D+00  0.21618419693364D-02  0.11690205295293D-02  0.12022536227673D-02
  0.21375124927662D+01 -0.45884296118708D+00  0.32938590554204D+01 -0.22151794530765D-03 -0.41558095726894D-03 -0.32840338020582D-02
 -0.36313913003239D+01  0.22990778792892D+01 -0.15487312535613D+01 -0.39227811453416D-02  0.50658314828499D-03  0.23857223555202D-02
  0.37211945695917D+01  0.16961163436605D+01 -0.13789801707494D+01  0.33367021607429D-02  0.11329052840124D-02 -0.11551086946088D-02
  0.55510074253648D+00  0.48686109664697D+01  0.17250474264338D+00 -0.23965957260965D-02 -0.12035672116942D-02 -0.22832713962595D-02
 -0.49265571078832D+00  0.29407657166320D+01  0.24167657748672D+01 -0.48213820008172D-02  0.61447955779271D-02  0.28007505520195D-02
