$coord
       -1.18413053281180       -1.14552727473139       -1.76070993543357      C
       -1.60298521732357       -1.44643731056513        1.34545205827674      C
        1.44206221116436       -1.22049652897217       -1.22531993890444      C
        1.27344979398820       -1.29509410944902        1.60091899177321      C
       -2.57890815845789        0.93511665514472       -0.18106837816165      C
        2.28147507648418        0.93510311720987        0.36709575265372      C
        0.31729280810467        2.77467401064127       -0.17737162232468      C
       -2.81687047424229       -1.99508189387696       -2.87414201874847      H
       -2.57680665914307       -2.20273162932193        3.04440387003220      H
        2.48937964993231       -2.44035801478523       -1.60342759227604      H
        2.72576055824524       -2.54839036630841        2.56979805580704      H
       -4.36020406349641        1.84347931246334       -0.96360200251039      H
        4.22296424586643        1.27495265195270        1.02749771375492      H
        0.48573318422392        3.52583535010072       -1.79441716857345      H
        0.49319583990699        4.08139415942813        1.26575282938352      H
$end
