 -1.0
 -0.13392478678409D+01  0.13598308413276D+01  0.44969129509144D+00  0.40729721320139D-03  0.10365355837979D-03 -0.86624332790370D-04
 -0.12878560763184D+01 -0.13026265700915D+01  0.38801657416551D+00 -0.11238499882073D-03 -0.11318543737429D-03 -0.16773884446931D-03
  0.10246114269969D+01  0.11286642672345D+01 -0.61984836724822D+00 -0.29396538842512D-03  0.32358885502847D-03  0.34551268196387D-04
  0.15414019491891D+01 -0.13020260356286D+01 -0.25506837486593D+00 -0.19637258999129D-03 -0.11099554994166D-03  0.12633937663418D-04
 -0.24351060656058D+01  0.24298381805946D+01  0.20246047113101D+01  0.10048265392813D-02  0.81522411913435D-03 -0.71807837904220D-03
 -0.20125620343313D+01  0.19329485739540D+01 -0.16932113614313D+01  0.73669157863885D-03  0.42112646127882D-03 -0.11919190587427D-02
 -0.27789438260199D+01 -0.18696990978816D+01 -0.11706949015642D+01  0.92177206018248D-03 -0.31984691436246D-03 -0.42342684631617D-03
 -0.32857605664927D+00 -0.13744118920554D+01  0.28956468128711D+01  0.23832637462891D-02 -0.32183740030146D-02  0.32020695978597D-02
  0.20517387790976D+01  0.33695748921827D+01 -0.13104585950182D+01 -0.24100264749571D-02  0.14571441780553D-02 -0.17689721150350D-03
  0.31673844718959D+01 -0.28426123513321D+01 -0.45657028345066D-01 -0.28932020954560D-03 -0.15941910013635D-02  0.17966117965266D-02
