$coord
       -1.28271096252109        1.42115717512431        0.30233434564704      C
       -1.47061835600739       -1.27358327145911        0.35296087067084      C
        1.48370139997629        1.23724295231493       -0.08672212445914      C
        1.28870338811435       -1.45597444680187       -0.58061398368286      C
       -1.87385688568188        2.65196905699187        2.24072043430674      H
       -2.11838035150639        2.37301068281697       -1.25512360447172      H
       -3.07348161880770       -2.23012730428552       -0.58288011640061      H
       -1.05352848828317       -1.28407305775185        2.20419993104931      H
        1.93514928296573        2.28400213050165       -1.58818752129010      H
        2.88518022471173       -2.68962519334093       -0.62078545869575      H
$end
