           1           2  0.99591772550473656     
           1           3   1.0252841856063146     
           2           4   1.0252842180349389     
           3           4   1.9186898217331516     
           1           5  0.96922181305344768     
           1           6  0.96922996250764382     
           2           7  0.96922189274643755     
           2           8  0.96923001295221523     
           3           9  0.97034821010297445     
           4          10  0.97034796295383774     
