$hessian                                                                        
        0.7341900757   0.1165301431   0.0055548689  -0.0078793397   0.0076422087
        0.0004686170  -0.3888989214  -0.1969849993   0.0036515947   0.0067839062
       -0.0316723690   0.0003654360  -0.0457722643   0.0219090659  -0.0011648227
       -0.2671599140   0.0962043098  -0.0092822416   0.0002203896   0.0012666665
        0.0002745109  -0.0001210609   0.0002988965  -0.0001558178  -0.0323302673
       -0.0155219275  -0.0004038074   0.0009673961   0.0003280053   0.0006916619
        0.1165301431   0.6531046310  -0.0210409487  -0.0072980614   0.0033744133
        0.0003131089  -0.2158916434  -0.2209933634   0.0046460086  -0.0207812163
       -0.0428336999   0.0005702376   0.0246409843  -0.3067960424   0.0110213252
        0.0952870858  -0.0856231514   0.0041731688  -0.0004003100  -0.0008484873
       -0.0002518404  -0.0000653319   0.0003465182   0.0005084925   0.0085342260
        0.0060311405  -0.0007627002  -0.0005558761  -0.0057619586   0.0008231479
        0.0055548689  -0.0210409487   0.0935139766   0.0008278651  -0.0008799960
        0.0004400847   0.0037357476   0.0035904542  -0.0330551033   0.0002062286
        0.0025351000   0.0000178167  -0.0012023376   0.0110950801  -0.0305100755
       -0.0087501997   0.0044971625  -0.0329396499  -0.0001134080  -0.0000591781
        0.0001475818  -0.0001467524  -0.0000453141  -0.0002406990  -0.0005496292
       -0.0003235554   0.0007915463   0.0004376168   0.0006311956   0.0018345215
       -0.0078793397  -0.0072980614   0.0008278651   0.7107003901  -0.1208657733
       -0.1024736492   0.0082120854   0.0299596278  -0.0015495992  -0.3677253027
        0.2003804476   0.0495376742  -0.0000899639  -0.0002825447   0.0001361152
        0.0001571662  -0.0013001388  -0.0003255038  -0.2662858914  -0.0881123743
        0.0448687805  -0.0467640025  -0.0285758995   0.0040050528   0.0008163479
       -0.0004508370  -0.0004746418  -0.0311414894   0.0165455537   0.0054479061
        0.0076422087   0.0033744133  -0.0008799960  -0.1208657733   0.6608671056
       -0.0013713407   0.0189071157  -0.0445374220  -0.0024878274   0.2192176696
       -0.2351325119  -0.0300786466   0.0001577184   0.0003531492   0.0004625323
        0.0003198363  -0.0008189954  -0.0003017819  -0.0873239756  -0.0790778492
        0.0172291849  -0.0312380277  -0.3050125740   0.0162854897   0.0004552740
       -0.0057652162   0.0007510561  -0.0072720461   0.0057499006   0.0003913295
        0.0004686170   0.0003131089   0.0004400847  -0.1024736492  -0.0013713407
        0.1102789255  -0.0014021355  -0.0022840806   0.0002787727   0.0493022237
       -0.0280191637  -0.0402590213   0.0001240762  -0.0000063946  -0.0002930328
        0.0001147570   0.0001269515   0.0001546643   0.0445449097   0.0176766221
       -0.0410532197   0.0040865779   0.0157654321  -0.0313856465  -0.0002587092
        0.0007116696   0.0019731646   0.0054933325  -0.0029128046  -0.0001346915
       -0.3888989214  -0.2158916434   0.0037357476   0.0082120854   0.0189071157
       -0.0014021355   0.7417003039   0.1140337343  -0.0037041467  -0.0789906398
        0.0218196606   0.0009659804  -0.0004579155  -0.0010672715   0.0006340087
       -0.0303995091  -0.0141961491   0.0001218383   0.0004457182  -0.0001419251
       -0.0013518674  -0.0026096733   0.0034594112   0.0028498958  -0.2448125584
        0.0989096791  -0.0029715162  -0.0041888900  -0.0258326119   0.0011221950
       -0.1969849993  -0.2209933634   0.0035904542   0.0299596278  -0.0445374220
       -0.0022840806   0.1140337343   0.6143808857  -0.0184905116  -0.0251052160
       -0.2261747994   0.0121728951  -0.0267297003  -0.0232656931   0.0002797846
        0.0088802837   0.0084672555   0.0010550980  -0.0013693210   0.0005197467
       -0.0007276149   0.0020441530  -0.0005908724   0.0004644361   0.0984488870
       -0.0912583110   0.0042530336  -0.0031774492  -0.0165474265  -0.0003134945
        0.0036515947   0.0046460086  -0.0330551033  -0.0015495992  -0.0024878274
        0.0002787727  -0.0037041467  -0.0184905116   0.1146110217   0.0032952063
        0.0084606754  -0.0541766441   0.0009462795   0.0008485277   0.0001993353
       -0.0007504169  -0.0007104460   0.0005680530  -0.0012388282  -0.0002071205
       -0.0056133550   0.0024959059  -0.0000018172   0.0120631902  -0.0040430963
        0.0030946792  -0.0372706909   0.0008971008   0.0048478318   0.0023954204
        0.0067839062  -0.0207812163   0.0002062286  -0.3677253027   0.2192176696
        0.0493022237  -0.0789906398  -0.0251052160   0.0032952063   0.7197019903
       -0.1195597636  -0.0920463007  -0.0032535277  -0.0033293418  -0.0004351911
        0.0007340314   0.0000893818   0.0003452498  -0.0292736087   0.0152104791
        0.0046649998   0.0002168106   0.0003979966  -0.0005769026  -0.0033787018
        0.0258408465  -0.0001506180  -0.2448149577  -0.0919808358   0.0353951042
       -0.0316723690  -0.0428336999   0.0025351000   0.2003804476  -0.2351325119
       -0.0280191637   0.0218196606  -0.2261747994   0.0084606754  -0.1195597636
        0.6224745431   0.0012189389  -0.0018594903  -0.0004135157   0.0008148359
        0.0012426379   0.0004687876  -0.0009726666  -0.0073300828   0.0082341178
        0.0021741842   0.0256547853  -0.0242047320  -0.0038292515   0.0026578313
       -0.0175144845  -0.0007538181  -0.0913336570  -0.0849037050   0.0183711655
        0.0003654360   0.0005702376   0.0000178167   0.0495376742  -0.0300786466
       -0.0402590213   0.0009659804   0.0121728951  -0.0541766441  -0.0920463007
        0.0012189389   0.1285021196  -0.0001184876   0.0005476070   0.0125177001
        0.0002460037  -0.0002475310  -0.0058666219   0.0053356373  -0.0030864604
       -0.0003010039  -0.0008945991   0.0007962901   0.0004373140   0.0001735100
        0.0008318931   0.0025548707   0.0364351457   0.0172747763  -0.0434265297
       -0.0457722643   0.0246409843  -0.0012023376  -0.0000899639   0.0001577184
        0.0001240762  -0.0004579155  -0.0267297003   0.0009462795  -0.0032535277
       -0.0018594903  -0.0001184876   0.0520874307  -0.0199332145   0.0012801954
       -0.0039315077   0.0265025264  -0.0011567043   0.0001867590  -0.0002898414
       -0.0001323844   0.0002692131   0.0000245696   0.0000418854   0.0010644875
       -0.0013707177   0.0001530968  -0.0001027113  -0.0011428346   0.0000643805
        0.0219090659  -0.3067960424   0.0110950801  -0.0002825447   0.0003531492
       -0.0000063946  -0.0010672715  -0.0232656931   0.0008485277  -0.0033293418
       -0.0004135157   0.0005476070  -0.0199332145   0.3428746269  -0.0129066560
        0.0023718642  -0.0133745051   0.0006417182  -0.0002095813   0.0003457659
        0.0000750754  -0.0000294132   0.0000361267  -0.0000145618   0.0007167632
        0.0012142629  -0.0002926716  -0.0001463262  -0.0009741754   0.0000122755
       -0.0011648227   0.0110213252  -0.0305100755   0.0001361152   0.0004625323
       -0.0002930328   0.0006340087   0.0002797846   0.0001993353  -0.0004351911
        0.0008148359   0.0125177001   0.0012801954  -0.0129066560   0.0214922713
       -0.0002212487   0.0010579269   0.0029471838   0.0001800903   0.0000741193
        0.0006293677  -0.0002889181  -0.0000046317  -0.0013233031  -0.0000339525
       -0.0003073645  -0.0055543999  -0.0000862765  -0.0004918720  -0.0001050470
       -0.2671599140   0.0952870858  -0.0087501997   0.0001571662   0.0003198363
        0.0001147570  -0.0303995091   0.0088802837  -0.0007504169   0.0007340314
        0.0012426379   0.0002460037  -0.0039315077   0.0023718642  -0.0002212487
        0.3023399488  -0.1049573556   0.0098607402   0.0011999901  -0.0005175878
       -0.0001736743   0.0001937296   0.0002235917  -0.0001099232  -0.0035261816
       -0.0032455983  -0.0001791605   0.0003922462   0.0003952422  -0.0000368777
        0.0962043098  -0.0856231514   0.0044971625  -0.0013001388  -0.0008189954
        0.0001269515  -0.0141961491   0.0084672555  -0.0007104460   0.0000893818
        0.0004687876  -0.0002475310   0.0265025264  -0.0133745051   0.0010579269
       -0.1049573556   0.0933519624  -0.0047778212   0.0003417477  -0.0020088515
       -0.0004467850   0.0002986034   0.0003250416   0.0000212563  -0.0033061633
       -0.0008119750   0.0005033424   0.0003232377   0.0000244312  -0.0000240564
       -0.0092822416   0.0041731688  -0.0329396499  -0.0003255038  -0.0003017819
        0.0001546643   0.0001218383   0.0010550980   0.0005680530   0.0003452498
       -0.0009726666  -0.0058666219  -0.0011567043   0.0006417182   0.0029471838
        0.0098607402  -0.0047778212   0.0213295965   0.0000322030  -0.0003842057
        0.0003001260   0.0002122138   0.0000396354   0.0005990668   0.0001272209
        0.0004677051   0.0130765711   0.0000649835   0.0000591498  -0.0001689897
        0.0002203896  -0.0004003100  -0.0001134080  -0.2662858914  -0.0873239756
        0.0445449097   0.0004457182  -0.0013693210  -0.0012388282  -0.0292736087
       -0.0073300828   0.0053356373   0.0001867590  -0.0002095813   0.0001800903
        0.0011999901   0.0003417477   0.0000322030   0.3006171107   0.0959028944
       -0.0527677735  -0.0045685199  -0.0025882535   0.0014238345   0.0003556082
       -0.0003862504  -0.0000648143  -0.0028975557   0.0033631325   0.0026681493
        0.0012666665  -0.0008484873  -0.0000591781  -0.0881123743  -0.0790778492
        0.0176766221  -0.0001419251   0.0005197467  -0.0002071205   0.0152104791
        0.0082341178  -0.0030864604  -0.0002898414   0.0003457659   0.0000741193
       -0.0005175878  -0.0020088515  -0.0003842057   0.0959028944   0.0862756985
       -0.0190924371  -0.0263954870  -0.0124451337   0.0051121435  -0.0003383192
        0.0000439111   0.0000317871   0.0034154947  -0.0010389184  -0.0000652702
        0.0002745109  -0.0002518404   0.0001475818   0.0448687805   0.0172291849
       -0.0410532197  -0.0013518674  -0.0007276149  -0.0056133550   0.0046649998
        0.0021741842  -0.0003010039  -0.0001323844   0.0000750754   0.0006293677
       -0.0001736743  -0.0004467850   0.0003001260  -0.0527677735  -0.0190924371
        0.0308262256   0.0023457291   0.0010007267   0.0025674603  -0.0001428052
        0.0001239966  -0.0001642291   0.0024144845  -0.0000844904   0.0126610464
       -0.0001210609  -0.0000653319  -0.0001467524  -0.0467640025  -0.0312380277
        0.0040865779  -0.0026096733   0.0020441530   0.0024959059   0.0002168106
        0.0256547853  -0.0008945991   0.0002692131  -0.0000294132  -0.0002889181
        0.0001937296   0.0002986034   0.0002122138  -0.0045685199  -0.0263954870
        0.0023457291   0.0525407156   0.0273945379  -0.0065546823  -0.0000637734
        0.0010171367  -0.0000760466   0.0009065611   0.0013190435  -0.0011794282
        0.0002988965   0.0003465182  -0.0000453141  -0.0285758995  -0.3050125740
        0.0157654321   0.0034594112  -0.0005908724  -0.0000018172   0.0003979966
       -0.0242047320   0.0007962901   0.0000245696   0.0000361267  -0.0000046317
        0.0002235917   0.0003250416   0.0000396354  -0.0025882535  -0.0124451337
        0.0010007267   0.0273945379   0.3413602897  -0.0173742862   0.0001184527
       -0.0010127847  -0.0000030074  -0.0007533032   0.0011981207  -0.0001730276
       -0.0001558178   0.0005084925  -0.0002406990   0.0040050528   0.0162854897
       -0.0313856465   0.0028498958   0.0004644361   0.0120631902  -0.0005769026
       -0.0038292515   0.0004373140   0.0000418854  -0.0000145618  -0.0013233031
       -0.0001099232   0.0000212563   0.0005990668   0.0014238345   0.0051121435
        0.0025674603  -0.0065546823  -0.0173742862   0.0227736196   0.0000672658
       -0.0006680302  -0.0001069060  -0.0009906083  -0.0005056885  -0.0053840964
       -0.0323302673   0.0085342260  -0.0005496292   0.0008163479   0.0004552740
       -0.0002587092  -0.2448125584   0.0984488870  -0.0040430963  -0.0033787018
        0.0026578313   0.0001735100   0.0010644875   0.0007167632  -0.0000339525
       -0.0035261816  -0.0033061633   0.0001272209   0.0003556082  -0.0003383192
       -0.0001428052  -0.0000637734   0.0001184527   0.0000672658   0.2806446015
       -0.1060179184   0.0045413967   0.0012304373  -0.0012690333   0.0001187990
       -0.0155219275   0.0060311405  -0.0003235554  -0.0004508370  -0.0057652162
        0.0007116696   0.0989096791  -0.0912583110   0.0030946792   0.0258408465
       -0.0175144845   0.0008318931  -0.0013707177   0.0012142629  -0.0003073645
       -0.0032455983  -0.0008119750   0.0004677051  -0.0003862504   0.0000439111
        0.0001239966   0.0010171367  -0.0010127847  -0.0006680302  -0.1060179184
        0.1089593064  -0.0037936680   0.0012255871   0.0001141504  -0.0001373255
       -0.0004038074  -0.0007627002   0.0007915463  -0.0004746418   0.0007510561
        0.0019731646  -0.0029715162   0.0042530336  -0.0372706909  -0.0001506180
       -0.0007538181   0.0025548707   0.0001530968  -0.0002926716  -0.0055543999
       -0.0001791605   0.0005033424   0.0130765711  -0.0000648143   0.0000317871
       -0.0001642291  -0.0000760466  -0.0000030074  -0.0001069060   0.0045413967
       -0.0037936680   0.0250606580  -0.0003738888   0.0000666462  -0.0003605848
        0.0009673961  -0.0005558761   0.0004376168  -0.0311414894  -0.0072720461
        0.0054933325  -0.0041888900  -0.0031774492   0.0008971008  -0.2448149577
       -0.0913336570   0.0364351457  -0.0001027113  -0.0001463262  -0.0000862765
        0.0003922462   0.0003232377   0.0000649835  -0.0028975557   0.0034154947
        0.0024144845   0.0009065611  -0.0007533032  -0.0009906083   0.0012304373
        0.0012255871  -0.0003738888   0.2796489635   0.0982743384  -0.0442918900
        0.0003280053  -0.0057619586   0.0006311956   0.0165455537   0.0057499006
       -0.0029128046  -0.0258326119  -0.0165474265   0.0048478318  -0.0919808358
       -0.0849037050   0.0172747763  -0.0011428346  -0.0009741754  -0.0004918720
        0.0003952422   0.0000244312   0.0000591498   0.0033631325  -0.0010389184
       -0.0000844904   0.0013190435   0.0011981207  -0.0005056885  -0.0012690333
        0.0001141504   0.0000666462   0.0982743384   0.1021395810  -0.0188847442
        0.0006916619   0.0008231479   0.0018345215   0.0054479061   0.0003913295
       -0.0001346915   0.0011221950  -0.0003134945   0.0023954204   0.0353951042
        0.0183711655  -0.0434265297   0.0000643805   0.0000122755  -0.0001050470
       -0.0000368777  -0.0000240564  -0.0001689897   0.0026681493  -0.0000652702
        0.0126610464  -0.0011794282  -0.0001730276  -0.0053840964   0.0001187990
       -0.0001373255  -0.0003605848  -0.0442918900  -0.0188847442   0.0326889508
