           1           2  0.13098458812745259     
           1           3   1.8971617286908493     
           2           4   1.8971806088110255     
           3           4   1.1052633327161572     
           1           5  0.97871278379754800     
           1           6  0.97416256585891592     
           2           7  0.97417569565703466     
           2           8  0.97871109425723157     
           3           9  0.96817466055319990     
           4          10  0.96815676819225838     
