 -1.0
  0.24818839832659D+00  0.37352415328695D+01 -0.56043673430628D+00  0.19485500911648D-03  0.55428294682764D-03  0.30904456510320D-04
 -0.28779236422831D+00 -0.36139990955083D+01  0.28597999873287D+00 -0.26734365030080D-03  0.29989310299616D-03  0.23901382336779D-03
 -0.78034340528264D+00  0.12910809485847D+01 -0.24693787595467D+00 -0.46575150038271D-03  0.10011539159906D-02  0.97181342749260D-04
  0.73105887064443D+00 -0.13451596221868D+01  0.40104641739293D+00  0.47547863666315D-03 -0.74205951410520D-03 -0.65098659891312D-03
  0.82017681990902D+00  0.45642279701891D+01  0.14943077626561D+01  0.29884852488504D-03  0.38328070029150D-02 -0.28093547609644D-02
 -0.16148449358570D+00  0.51495744221679D+01 -0.16393225697047D+01  0.20351437775335D-02  0.16844387747128D-02  0.17118545582445D-02
 -0.84493828481481D+00 -0.47926790516992D+01 -0.16502905807013D+01  0.29550319017798D-02 -0.32223278615251D-02 -0.17877198397804D-03
  0.37065733355966D+00 -0.51835055982365D+01  0.17538431216334D+01  0.12420214174984D-02 -0.87133019607750D-03  0.44964843502953D-03
 -0.20562627363727D+01  0.19644808713774D+00 -0.19267765626088D+01 -0.15236542303084D-02 -0.78919480495271D-02  0.19332210975986D-02
  0.81085238127693D+00 -0.99502469274272D+00  0.24734538346303D+01 -0.42535795313014D-02 -0.69028370512514D-02  0.23030941516875D-02
