$coord
       -1.63153848368380        1.24944871376350       -0.05221983281521      C
       -1.22180823247868       -1.50836547673598        0.08858317476924      C
        1.47397196322047        1.48701379583043        0.03346899182437      C
        1.51564063787555       -1.27139809427282       -0.15036556542551      C
       -2.80728241008951        2.42124127357484        1.12346155856084      H
       -2.87486606152312        1.41641397905831       -1.71311894248052      H
       -1.50948989461706       -2.44939938504619       -2.00379300010327      H
       -2.84833259365224       -2.12731694985723        1.33621017521765      H
        2.91036221107908        3.15618914960418        0.80666224687934      H
        3.36433990812641       -2.15132308911258        0.47758596851880      H
$end
