 -1.0
 -0.19772146290611D+01 -0.12841601935941D+01 -0.16041358852537D+01 -0.30449776825111D-03  0.32136189416144D-03  0.73680059921158D-03
 -0.13051702387929D+01 -0.10659737078846D+01  0.12930473698924D+01 -0.44329859836848D-03 -0.44764027792365D-03 -0.51992441755683D-03
  0.14107427942217D+01 -0.13439091994816D+01 -0.14067510222064D+01  0.47636494655063D-03 -0.52422180211426D-04 -0.23674830678460D-03
  0.13820123621507D+01 -0.14568122202904D+01  0.16325855360665D+01 -0.18858787672054D-03  0.29790434933117D-03  0.43694765657621D-03
 -0.21808013641153D+01  0.11918111099559D+01 -0.20125334744871D+00 -0.84999306840236D-04 -0.60014035559268D-03  0.11427514710460D-03
  0.23856021071780D+01  0.55682496405209D+00  0.39272161706586D+00  0.24628526337070D-03 -0.20729846829028D-03 -0.27298557930611D-03
  0.25425211218566D+00  0.27490338893808D+01 -0.20405709613719D+00 -0.11316582643352D-03 -0.29716835647719D-03  0.33235704403876D-03
 -0.24181822603240D+01 -0.22650080814581D+01 -0.31636632048883D+01  0.39350312211423D-02  0.33140938985830D-02 -0.27933532459065D-02
 -0.21354238292213D+01 -0.20911497505713D+01  0.28934217673391D+01 -0.19605550176593D-03  0.82596594880437D-03 -0.14915156974088D-02
  0.30965335989037D+01 -0.16013640175620D+01 -0.23046539581878D+01 -0.32872773792357D-02 -0.12395116504353D-03  0.33477336259721D-02
  0.24165597473406D+01 -0.26665185754682D+01  0.28105882407832D+01 -0.49427011764081D-04  0.33338078247329D-02 -0.12131615101990D-02
 -0.39348282733355D+01  0.20002269044849D+01  0.48294897352460D+00  0.36437319954669D-02 -0.17784332457290D-03 -0.26944085269215D-03
  0.38585461766673D+01  0.19679985150764D+01 -0.59886835906305D+00  0.21257395845677D-02 -0.10764049512162D-02 -0.50652245724864D-02
  0.93903713366834D+00  0.35318287057556D+01 -0.21660230049497D+01 -0.28738030280922D-03  0.19298090265880D-02 -0.19911577953661D-03
 -0.56412334852807D+00  0.38498245428629D+01  0.20749020653985D+01 -0.93715049702768D-03  0.38099426744643D-02  0.58907037899563D-03
