$coord
       -1.51434888647455       -1.21766740480720       -1.70292383960017      C
       -1.56628563868584       -1.50602927698524        1.50673935292819      C
        1.63915215776429       -1.31189802458804       -1.47818334343686      C
        1.47028411018513       -1.36998464812634        1.45304125557707      C
       -2.26834269051902        1.12040728328873        0.21070217330934      C
        2.46184544607388        0.96514081934031       -0.30849786268452      C
       -0.17130902862104        2.69158363468883        0.22899903961833      C
       -2.79920668120576       -1.15334927503242       -3.33130824440338      H
       -2.84072859467767       -2.07487088283629        2.64518261988426      H
        2.57014511243576       -2.74001133396361       -3.11515913120534      H
        2.04051709264493       -2.70890709473508        2.60082743240052      H
       -4.15974573727515        1.19515887727128        0.73129575990140      H
        4.68276952413863        1.46919285087891       -0.24313896446211      H
        0.13566673039192        4.24525640404921       -1.27679668602666      H
        0.64895783491176        4.19625022750305        1.92503161218332      H
$end
