$hessian                                                                        
        0.6540946504   0.3359150323  -0.0006753294  -0.0912374777  -0.0257405738
        0.0000512435  -0.5402108689  -0.2855062085   0.0005412795   0.0010149120
       -0.0041523691   0.0000138937  -0.0089673410   0.0066685873   0.0000291502
       -0.0146938748  -0.0271844682   0.0000397625
        0.3359150323   0.2708595058  -0.0003796872  -0.0031456151   0.0212104777
        0.0000059328  -0.2880712836  -0.2605513083   0.0003234224  -0.0045509397
        0.0010402046  -0.0000273686   0.0046353842   0.0026427468   0.0000109328
       -0.0447825780  -0.0352016267   0.0000667678
       -0.0006753294  -0.0003796872   0.0256445203  -0.0000087651  -0.0000006836
        0.0136228379   0.0007193260   0.0003919296  -0.0575521441   0.0000041579
       -0.0000010918  -0.0040810104  -0.0000078388  -0.0000042608   0.0069528720
       -0.0000315506  -0.0000062061   0.0154129244
       -0.0912374777  -0.0031456151  -0.0000087651   0.7517554547   0.0359728295
        0.0003478285  -0.3023632046   0.1050470442  -0.0001689028  -0.0558541115
        0.0155789118  -0.0000629669  -0.2964650348  -0.1675109544  -0.0000945416
       -0.0058356262   0.0140577839  -0.0000126520
       -0.0257405738   0.0212104777  -0.0000006836   0.0359728295   0.7173690267
       -0.0004826962   0.1071234452  -0.1447898333   0.0001010480   0.0224076030
       -0.3976276412   0.0003511665  -0.1705659293  -0.1658279675   0.0000223760
        0.0308026253  -0.0303340625   0.0000087895
        0.0000512435   0.0000059328   0.0136228379   0.0003478285  -0.0004826962
        0.0201691378  -0.0002421332   0.0001058273  -0.0307340053  -0.0000689173
        0.0003517375  -0.0086959779  -0.0000975603   0.0000164191   0.0001908051
        0.0000095389   0.0000027796   0.0054472024
       -0.5402108689  -0.2880712836   0.0007193260  -0.3023632046   0.1071234452
       -0.0002421332   0.8989539205   0.1631521317  -0.0003581863   0.0055543819
        0.0121366599  -0.0000288283  -0.0220774841   0.0017557069  -0.0000705488
       -0.0398567448   0.0039033400  -0.0000196293
       -0.2855062085  -0.2605513083   0.0003919296   0.1050470442  -0.1447898333
        0.0001058273   0.1631521317   0.6294174332   0.0000001210   0.0319731153
       -0.0204633994   0.0001027083  -0.0174949055   0.0078155019  -0.0000520889
        0.0028288228  -0.2114283943  -0.0005484973
        0.0005412795   0.0003234224  -0.0575521441  -0.0001689028   0.0001010480
       -0.0307340053  -0.0003581863   0.0000001210   0.1478600433  -0.0000090419
       -0.0000051049  -0.0014601686   0.0000110483  -0.0000050122  -0.0084996232
       -0.0000161968  -0.0004144743  -0.0496141020
        0.0010149120  -0.0045509397   0.0000041579  -0.0558541115   0.0224076030
       -0.0000689173   0.0055543819   0.0319731153  -0.0000090419   0.0517234375
       -0.0298140101   0.0000563733   0.0025775527  -0.0238665475   0.0000246181
       -0.0050161726   0.0038507790  -0.0000071902
       -0.0041523691   0.0010402046  -0.0000010918   0.0155789118  -0.3976276412
        0.0003517375   0.0121366599  -0.0204633994  -0.0000051049  -0.0298140101
        0.4315110393  -0.0003730239   0.0027747164  -0.0142070325   0.0000080569
        0.0034760911  -0.0002531709   0.0000194261
        0.0000138937  -0.0000273686  -0.0040810104  -0.0000629669   0.0003511665
       -0.0086959779  -0.0000288283   0.0001027083  -0.0014601686   0.0000563733
       -0.0003730239   0.0100690445   0.0000063663  -0.0000075637  -0.0033798135
        0.0000151619  -0.0000459187   0.0075479259
       -0.0089673410   0.0046353842  -0.0000078388  -0.2964650348  -0.1705659293
       -0.0000975603  -0.0220774841  -0.0174949055   0.0000110483   0.0025775527
        0.0027747164   0.0000063663   0.3248065997   0.1812583312   0.0000855503
        0.0001257075  -0.0006075970   0.0000024342
        0.0066685873   0.0026427468  -0.0000042608  -0.1675109544  -0.1658279675
        0.0000164191   0.0017557069   0.0078155019  -0.0000050122  -0.0238665475
       -0.0142070325  -0.0000075637   0.1812583312   0.1700769029  -0.0000015278
        0.0016948765  -0.0005001517   0.0000019455
        0.0000291502   0.0000109328   0.0069528720  -0.0000945416   0.0000223760
        0.0001908051  -0.0000705488  -0.0000520889  -0.0084996232   0.0000246181
        0.0000080569  -0.0033798135   0.0000855503  -0.0000015278   0.0055011516
        0.0000257718   0.0000122510  -0.0007653919
       -0.0146938748  -0.0447825780  -0.0000315506  -0.0058356262   0.0308026253
        0.0000095389  -0.0398567448   0.0028288228  -0.0000161968  -0.0050161726
        0.0034760911   0.0000151619   0.0001257075   0.0016948765   0.0000257718
        0.0652767109   0.0059801623  -0.0000027251
       -0.0271844682  -0.0352016267  -0.0000062061   0.0140577839  -0.0303340625
        0.0000027796   0.0039033400  -0.2114283943  -0.0004144743   0.0038507790
       -0.0002531709  -0.0000459187  -0.0006075970  -0.0005001517   0.0000122510
        0.0059801623   0.2777174060   0.0004515684
        0.0000397625   0.0000667678   0.0154129244  -0.0000126520   0.0000087895
        0.0054472024  -0.0000196293  -0.0005484973  -0.0496141020  -0.0000071902
        0.0000194261   0.0075479259   0.0000024342   0.0000019455  -0.0007653919
       -0.0000027251   0.0004515684   0.0219714412
