 -1.0
  0.23335665815400D+01 -0.86467137474699D+00  0.32024750109299D+00  0.90155466016806D-04 -0.77636779437276D-04 -0.28551454907018D-04
  0.19016398782267D+00  0.85372700522937D+00 -0.30736914001237D+00 -0.30393122969713D-03 -0.17734449954481D-03 -0.34519381610911D-03
 -0.22177022967851D+01 -0.21674869721648D+00  0.18055552282140D+00  0.37421717352161D-03  0.22831396282535D-03  0.37638151970466D-03
 -0.20560752397882D+01 -0.21318731503184D+01 -0.42987502997740D+00 -0.17178236683676D-02 -0.33036168651441D-03 -0.36865738757986D-02
  0.12186547255660D+00  0.25810600686486D+01  0.82794863707869D+00 -0.35455224094224D-03 -0.21504077086201D-03 -0.28733233980745D-03
  0.73781585260516D+00  0.14967819872342D+01 -0.22137495935227D+01 -0.10023885899457D-03  0.34888965711988D-03 -0.64075099286943D-03
  0.34783268311939D+01  0.56233569248123D+00  0.13278202119268D+01 -0.18603571829062D-02  0.19697727093826D-02  0.12963163046673D-02
  0.10344991356794D+01 -0.24717245218362D+01  0.11733369525752D+01  0.29326493647213D-03 -0.26167680632761D-02  0.27321451699567D-03
  0.24488286003720D+01 -0.15083668030362D+01 -0.14592383328692D+01  0.32005916693337D-03  0.25313341531550D-03  0.15122017927012D-02
