$hessian                                                                        
        0.2531688732  -0.0538590675   0.0673152106  -0.0525706607  -0.0429383765
        0.0658412755  -0.0732611999   0.0475188481  -0.0612895933  -0.0092656663
       -0.0023525874  -0.0146999404  -0.0442634548   0.0573295455   0.0138969711
       -0.0073608749  -0.0062779144  -0.0132287257   0.0023054429  -0.0032819355
       -0.0091348631  -0.0487339241  -0.0115136008  -0.0784131373  -0.0027691609
        0.0025510217   0.0180749130  -0.0027171324   0.0054897251  -0.0047669641
       -0.0028272692   0.0008564404   0.0011334491  -0.0088791486   0.0086561546
        0.0172824191  -0.0011618011  -0.0010746880  -0.0011948011  -0.0001481334
        0.0000692650  -0.0002021626  -0.0015158899  -0.0011728303  -0.0006140507
       -0.0538590675   0.3204592430   0.0609324763  -0.0376841550  -0.0078036220
        0.0278739486   0.0651353112  -0.0948977371   0.0495360619   0.0025817514
        0.0026515188  -0.0064428438   0.0349217997  -0.1330350021  -0.0732304361
       -0.0043492741  -0.0035001022  -0.0071171150  -0.0044866158  -0.0091486571
       -0.0112096730  -0.0122793458  -0.0458247820  -0.0591509404   0.0016548564
       -0.0028293148   0.0117048144   0.0043326895  -0.0132033114   0.0211857214
       -0.0012786851  -0.0012382550  -0.0016628687   0.0071590415  -0.0097239631
       -0.0120045852  -0.0006237878  -0.0003660850  -0.0006583406  -0.0001471902
       -0.0004818452  -0.0002028892  -0.0010773284  -0.0010580849   0.0004466693
        0.0673152106   0.0609324763   0.7700676877   0.1212085474   0.0557836866
       -0.2427068781  -0.0962234627   0.0476820504  -0.1166221858  -0.0032520799
        0.0032049526  -0.0169479225   0.0028151751  -0.0977112352  -0.1027783677
        0.0005377914  -0.0009329840  -0.0012350367  -0.0000153192  -0.0044909530
       -0.0104001818  -0.0854289603  -0.0639293264  -0.2793399862   0.0000759805
        0.0008680257  -0.0069917758   0.0033276289  -0.0029913420   0.0036296228
       -0.0042385530  -0.0011701076  -0.0021027836  -0.0033563660   0.0057121170
        0.0062631765  -0.0005625195  -0.0002642137   0.0007811841   0.0002131675
       -0.0001497256  -0.0000545707  -0.0024162407  -0.0025434212  -0.0015619821
       -0.0525706607  -0.0376841550   0.1212085474   0.5160078243   0.1437367132
       -0.2288013507  -0.1448891761   0.0471636951   0.0278166628  -0.0406619196
       -0.0276692991  -0.0057997444  -0.0639994804  -0.0312004007   0.0075347427
       -0.0092417171   0.0053680996  -0.0057243874  -0.0033062275  -0.0087647853
        0.0091051770   0.0043864317   0.0046559567  -0.0043459087  -0.2094359849
       -0.1136641882   0.0863756575  -0.0047009029   0.0018946299   0.0048297617
        0.0040244007   0.0000954090   0.0005709580   0.0052183677   0.0175753305
       -0.0122904657   0.0001913678   0.0001006804  -0.0001503270  -0.0016356344
       -0.0021037018  -0.0009101122   0.0006133113   0.0004960158   0.0005807889
       -0.0429383765  -0.0078036220   0.0557836866   0.1437367132   0.4147269351
       -0.1455895231   0.0216709573  -0.0683366691  -0.0041375754   0.0027320185
        0.0090833916   0.0065427974  -0.0155360538  -0.2049263029   0.0426320838
        0.0019330589  -0.0090088155   0.0000267161  -0.0153022458  -0.0161741364
        0.0052692487   0.0056404295   0.0004350590  -0.0040010431  -0.1151107323
       -0.1018958416   0.0512922228   0.0223034086  -0.0053704272  -0.0143787347
       -0.0036093207   0.0023475481   0.0000734626  -0.0039602166  -0.0132097067
        0.0073620442  -0.0003605085  -0.0003015759  -0.0004429128  -0.0029615995
       -0.0010176317  -0.0014227575   0.0017624677   0.0014517952   0.0009902842
        0.0658412755   0.0278739486  -0.2427068781  -0.2288013507  -0.1455895231
        0.3632546910   0.0634067615  -0.0102249659  -0.0121677872  -0.0104093075
       -0.0088429246  -0.0008638732   0.0116126605   0.0759244851  -0.0286561711
       -0.0079551270  -0.0040261400  -0.0063836849  -0.0021039672  -0.0043261153
        0.0048081147   0.0156680718   0.0087034401  -0.0160854346   0.0929853970
        0.0561132083  -0.0597221257  -0.0017629464   0.0022633844  -0.0008729147
       -0.0013466503   0.0005252389   0.0016555819   0.0020944706   0.0014602915
       -0.0040370036   0.0010688025   0.0004329099   0.0003181938  -0.0008702074
       -0.0005620518   0.0000351362   0.0005721171   0.0002748138   0.0014241553
       -0.0732611999   0.0651353112  -0.0962234627  -0.1448891761   0.0216709573
        0.0634067615   0.3741486790  -0.0574907880   0.1097551858  -0.0803888899
       -0.0612266652  -0.0624628511  -0.0005383154   0.0073235796  -0.0058002069
       -0.0022499837  -0.0152689331  -0.0002149954   0.0024810313   0.0016777491
        0.0028131013  -0.0058780567   0.0015756646  -0.0010661163  -0.0160699824
        0.0072056362  -0.0017599403  -0.0366707910   0.0231470862  -0.0023823414
       -0.0109944717   0.0040431235  -0.0020430084  -0.0020728747   0.0026258759
       -0.0007262835  -0.0025906747  -0.0014289868  -0.0030697149  -0.0007988681
        0.0012849648  -0.0003631905  -0.0002264261  -0.0002745751   0.0001370630
        0.0475188481  -0.0948977371   0.0476820504   0.0471636951  -0.0683366691
       -0.0102249659  -0.0574907880   0.5988230853   0.0627337584  -0.0697981338
       -0.0852918084  -0.0682609528   0.0420563220  -0.0215357892   0.0113278426
       -0.0052595251  -0.0560206007  -0.0032494719  -0.0053237347  -0.0018839803
        0.0011813837  -0.0068784025   0.0020136762  -0.0019955539  -0.0100197609
        0.0041312286  -0.0014125629   0.0187079095  -0.2716945679  -0.0350995437
       -0.0025692745   0.0009375456  -0.0014233738   0.0009186763  -0.0063637607
       -0.0018728145  -0.0004305081   0.0001108345   0.0001701290   0.0011950814
       -0.0001611304   0.0004684732   0.0002095953   0.0001696735  -0.0000243979
       -0.0612895933   0.0495360619  -0.1166221858   0.0278166628  -0.0041375754
       -0.0121677872   0.1097551858   0.0627337584   0.3126219976  -0.0629025532
       -0.0526628438  -0.1179312224   0.0032440544  -0.0045997878   0.0035908537
       -0.0021063904  -0.0036175475   0.0113979658   0.0010762262  -0.0002762693
       -0.0039155503  -0.0110534439   0.0087507098  -0.0088613444   0.0063052000
       -0.0035296251  -0.0037021912   0.0006310784  -0.0345306906  -0.0431975233
       -0.0120433198  -0.0199742810  -0.0207571037  -0.0001934107  -0.0005200509
       -0.0013317820   0.0021649283   0.0025482262   0.0010466911  -0.0007684888
        0.0007764697  -0.0000158586  -0.0006361358  -0.0004965548  -0.0001549593
       -0.0092656663   0.0025817514  -0.0032520799  -0.0406619196   0.0027320185
       -0.0104093075  -0.0803888899  -0.0697981338  -0.0629025532   0.1973143570
        0.1005323127   0.0255339791  -0.0109311870   0.0138206600  -0.0023186556
       -0.0034896377  -0.0275135219   0.0295593863  -0.0160519176   0.0059507091
       -0.0084067085  -0.0002082529  -0.0011323429   0.0013034714  -0.0005853806
       -0.0003935024  -0.0005689182  -0.0018815612  -0.0052501634   0.0002155585
       -0.0278235591  -0.0125264219   0.0332109534  -0.0024944257  -0.0025093435
       -0.0023060794  -0.0046167948  -0.0082675208  -0.0000864088   0.0010476616
        0.0014033362   0.0008989929   0.0000371739   0.0003701628  -0.0004716304
       -0.0023525874   0.0026515188   0.0032049526  -0.0276692991   0.0090833916
       -0.0088429246  -0.0612266652  -0.0852918084  -0.0526628438   0.1005323127
        0.5166091264  -0.0905887389  -0.0038833973  -0.0101222165   0.0016048633
       -0.0192337306  -0.3216310818   0.1194468514   0.0145005381  -0.0519048300
        0.0054346018   0.0009080880  -0.0005599336   0.0009701556   0.0009139233
       -0.0002257842   0.0003100105  -0.0145516017  -0.0101146635  -0.0101985033
       -0.0014424505  -0.0428101000   0.0196485453   0.0013146104  -0.0002602409
        0.0006506650   0.0075858803   0.0007450680   0.0107453361   0.0057513615
       -0.0062051531  -0.0003330546  -0.0011469824   0.0000367071   0.0006100837
       -0.0146999404  -0.0064428438  -0.0169479225  -0.0057997444   0.0065427974
       -0.0008638732  -0.0624628511  -0.0682609528  -0.1179312224   0.0255339791
       -0.0905887389   0.5474362250   0.0007755354   0.0012375791   0.0015834950
        0.0229478137   0.1202706207  -0.1277172533  -0.0041254044   0.0018916760
        0.0106547483  -0.0045297320   0.0008341134  -0.0010174756   0.0018540210
       -0.0004909151   0.0010609326  -0.0038231655  -0.0033586214   0.0008120869
        0.0439364556   0.0124827086  -0.2799382327   0.0007203007  -0.0005291378
        0.0007370490  -0.0034237117   0.0285948323  -0.0208440870   0.0032796504
       -0.0018813928   0.0018342083  -0.0001832064  -0.0003017249   0.0011413218
       -0.0442634548   0.0349217997   0.0028151751  -0.0639994804  -0.0155360538
        0.0116126605  -0.0005383154   0.0420563220   0.0032440544  -0.0109311870
       -0.0038833973   0.0007755354   0.4531443499  -0.1102438646   0.0728613161
       -0.0544786391   0.0198049057  -0.0079591035  -0.0640421115  -0.0356902746
       -0.0239849440  -0.0019558331  -0.0087807565  -0.0005984292  -0.0001926723
       -0.0172050184   0.0004348058  -0.0038112257   0.0026726733  -0.0002673622
        0.0013965399  -0.0006105553   0.0001056690  -0.2083024766   0.0983102637
       -0.0562516634  -0.0008395358  -0.0009845249  -0.0003461118  -0.0021896313
       -0.0040646808  -0.0008278983   0.0010036732  -0.0007668380  -0.0016137041
        0.0573295455  -0.1330350021  -0.0977112352  -0.0312004007  -0.2049263029
        0.0759244851   0.0073235796  -0.0215357892  -0.0045997878   0.0138206600
       -0.0101222165   0.0012375791  -0.1102438646   0.5645798097   0.0142742671
       -0.0112322112   0.0117626546   0.0054174373  -0.0082127610  -0.0796510611
       -0.0156467045  -0.0003240244  -0.0033519502  -0.0005065757   0.0006278207
       -0.0077699312   0.0022261888   0.0033328593  -0.0018012831   0.0012206066
       -0.0011745872   0.0003046288  -0.0004137814   0.1017697941  -0.0919984977
        0.0336353926   0.0010915630   0.0005672900  -0.0001801789  -0.0158778087
       -0.0174101672  -0.0084769522  -0.0070301642  -0.0056121820  -0.0064007409
        0.0138969711  -0.0732304361  -0.1027783677   0.0075347427   0.0426320838
       -0.0286561711  -0.0058002069   0.0113278426   0.0035908537  -0.0023186556
        0.0016048633   0.0015834950   0.0728613161   0.0142742671   0.2729070037
       -0.0093394431   0.0063921738   0.0039597754  -0.0121782718  -0.0182278998
       -0.0703084836   0.0043161487  -0.0152867901  -0.0086058157  -0.0010781690
        0.0071592797  -0.0049693902   0.0001442957   0.0014040642  -0.0020873928
       -0.0015480465   0.0005022815  -0.0003005926  -0.0562430751   0.0310216776
       -0.0541780330   0.0020657809   0.0004059837   0.0001806927   0.0061896018
        0.0067965659   0.0043045363  -0.0185029891  -0.0167759571  -0.0146421101
       -0.0073608749  -0.0043492741   0.0005377914  -0.0092417171   0.0019330589
       -0.0079551270  -0.0022499837  -0.0052595251  -0.0021063904  -0.0034896377
       -0.0192337306   0.0229478137  -0.0544786391  -0.0112322112  -0.0093394431
        0.2812085911  -0.0813956353  -0.1037895832  -0.1424155233   0.1032515159
        0.0363454072   0.0000257853   0.0009990647   0.0000044575   0.0006300465
        0.0012117766   0.0004273391   0.0010395475   0.0006881856  -0.0005873338
       -0.0074894423  -0.0025820501   0.0041316632  -0.0031552355  -0.0009884139
       -0.0014026725  -0.0397827779   0.0091780993   0.0565448083  -0.0048979989
        0.0060109098  -0.0010036728  -0.0083421400   0.0017682296   0.0052449422
       -0.0062779144  -0.0035001022  -0.0009329840   0.0053680996  -0.0090088155
       -0.0040261400  -0.0152689331  -0.0560206007  -0.0036175475  -0.0275135219
       -0.3216310818   0.1202706207   0.0198049057   0.0117626546   0.0063921738
       -0.0813956353   0.5327842720  -0.1062404421   0.0968185449  -0.0921701109
       -0.0062215742   0.0008041569   0.0000518033   0.0001317155  -0.0003007744
       -0.0000863578  -0.0014273368  -0.0054835273  -0.0060905402  -0.0031061541
       -0.0098358620   0.0003979358   0.0056772701   0.0004887502   0.0001862441
       -0.0000511052  -0.0014078220  -0.0438410573  -0.0021467584   0.0207021703
       -0.0131805899  -0.0024232331   0.0034973628   0.0003463464  -0.0022785048
       -0.0132287257  -0.0071171150  -0.0012350367  -0.0057243874   0.0000267161
       -0.0063836849  -0.0002149954  -0.0032494719   0.0113979658   0.0295593863
        0.1194468514  -0.1277172533  -0.0079591035   0.0054174373   0.0039597754
       -0.1037895832  -0.1062404421   0.4746036653   0.0390828425  -0.0247326480
       -0.0692137968  -0.0007005497  -0.0000256450   0.0002691500   0.0010057004
        0.0002437174  -0.0001628335  -0.0025579874  -0.0028619752  -0.0002082520
        0.0054265148   0.0302117523  -0.0151078184  -0.0021406902  -0.0012359012
       -0.0015499240   0.0466337091  -0.0037114464  -0.2625215275  -0.0116393590
        0.0073543769   0.0016500397   0.0262472284  -0.0135262066  -0.0077804691
        0.0023054429  -0.0044866158  -0.0000153192  -0.0033062275  -0.0153022458
       -0.0021039672   0.0024810313  -0.0053237347   0.0010762262  -0.0160519176
        0.0145005381  -0.0041254044  -0.0640421115  -0.0082127610  -0.0121782718
       -0.1424155233   0.0968185449   0.0390828425   0.3359806915  -0.0764885029
       -0.0625804056  -0.0000403579   0.0016453775   0.0007906445  -0.0004765843
       -0.0009576688  -0.0022364709  -0.0011748807  -0.0016398027  -0.0002882171
        0.0002802608  -0.0013669524   0.0005280569  -0.0170280155  -0.0118088196
       -0.0109140204  -0.0099396789   0.0057524963   0.0042587651  -0.0410809574
       -0.0008691202   0.0010335847  -0.0454911721   0.0077392669   0.0476719568
       -0.0032819355  -0.0091486571  -0.0044909530  -0.0087647853  -0.0161741364
       -0.0043261153   0.0016777491  -0.0018839803  -0.0002762693   0.0059507091
       -0.0519048300   0.0018916760  -0.0356902746  -0.0796510611  -0.0182278998
        0.1032515159  -0.0921701109  -0.0247326480  -0.0764885029   0.5186852603
       -0.0284540534  -0.0001912654  -0.0006888137   0.0003743213   0.0001636175
       -0.0019410860  -0.0009565302  -0.0007161340  -0.0007496779  -0.0004061671
       -0.0007455508   0.0010789115   0.0002983987   0.0060734851   0.0040710555
        0.0041157895   0.0048185990  -0.0028623827  -0.0029448776  -0.0004601252
       -0.2221467422   0.0946918818   0.0044028980  -0.0445137489  -0.0165565535
       -0.0091348631  -0.0112096730  -0.0104001818   0.0091051770   0.0052692487
        0.0048081147   0.0028131013   0.0011813837  -0.0039155503  -0.0084067085
        0.0054346018   0.0106547483  -0.0239849440  -0.0156467045  -0.0703084836
        0.0363454072  -0.0062215742  -0.0692137968  -0.0625804056  -0.0284540534
        0.5151693573  -0.0012255294  -0.0039240070   0.0000163176   0.0003339768
        0.0020458617   0.0014851304   0.0002279898   0.0000825694   0.0001356135
       -0.0006779571   0.0009891458   0.0008705642  -0.0063587681  -0.0039260274
       -0.0022695279   0.0170397295  -0.0230089103  -0.0149843180   0.0000197013
        0.0949690606  -0.0948165552   0.0464840931  -0.0175809219  -0.2672314323
       -0.0487339241  -0.0122793458  -0.0854289603   0.0043864317   0.0056404295
        0.0156680718  -0.0058780567  -0.0068784025  -0.0110534439  -0.0002082529
        0.0009080880  -0.0045297320  -0.0019558331  -0.0003240244   0.0043161487
        0.0000257853   0.0008041569  -0.0007005497  -0.0000403579  -0.0001912654
       -0.0012255294   0.0526959443   0.0131246447   0.0829900689   0.0009733838
        0.0005351569  -0.0000430468  -0.0000695892  -0.0002299866   0.0003085938
       -0.0007880730  -0.0009255565  -0.0009631025  -0.0000083465  -0.0001144705
        0.0006773713  -0.0001628618  -0.0000765134   0.0000731676   0.0000077015
        0.0000151160   0.0000243516  -0.0002439515  -0.0000080268  -0.0001134092
       -0.0115136008  -0.0458247820  -0.0639293264   0.0046559567   0.0004350590
        0.0087034401   0.0015756646   0.0020136762   0.0087507098  -0.0011323429
       -0.0005599336   0.0008341134  -0.0087807565  -0.0033519502  -0.0152867901
        0.0009990647   0.0000518033  -0.0000256450   0.0016453775  -0.0006888137
       -0.0039240070   0.0131246447   0.0479640031   0.0640994009   0.0005338229
        0.0006031224   0.0000394488  -0.0001651814   0.0000745539   0.0005472532
        0.0005905821   0.0000215628   0.0003153927  -0.0004565909   0.0000519359
        0.0004670403  -0.0001652348  -0.0000471408   0.0000513777   0.0000599637
        0.0001375073  -0.0000287361  -0.0009713697  -0.0008806037  -0.0006136723
       -0.0784131373  -0.0591509404  -0.2793399862  -0.0043459087  -0.0040010431
       -0.0160854346  -0.0010661163  -0.0019955539  -0.0088613444   0.0013034714
        0.0009701556  -0.0010174756  -0.0005984292  -0.0005065757  -0.0086058157
        0.0000044575   0.0001317155   0.0002691500   0.0007906445   0.0003743213
        0.0000163176   0.0829900689   0.0640994009   0.3122015046   0.0002018339
        0.0002221060   0.0010210746   0.0000548936   0.0001365035  -0.0000768792
       -0.0007783553  -0.0000772701   0.0000236255   0.0001482122  -0.0000429839
        0.0001123558  -0.0001273841  -0.0000806977   0.0001875410   0.0000791342
       -0.0000279809   0.0000485541  -0.0002433853  -0.0000511572   0.0001068125
       -0.0027691609   0.0016548564   0.0000759805  -0.2094359849  -0.1151107323
        0.0929853970  -0.0160699824  -0.0100197609   0.0063052000  -0.0005853806
        0.0009139233   0.0018540210  -0.0001926723   0.0006278207  -0.0010781690
        0.0006300465  -0.0003007744   0.0010057004  -0.0004765843   0.0001636175
        0.0003339768   0.0009733838   0.0005338229   0.0002018339   0.2279572578
        0.1211113902  -0.1008132588   0.0002952619   0.0000729016  -0.0002395050
       -0.0004961050   0.0003263437  -0.0002101648   0.0002228965   0.0000061360
        0.0000049275  -0.0001141424  -0.0000330064  -0.0003029381   0.0001742841
        0.0000543670  -0.0000446194  -0.0001131178  -0.0000009054  -0.0000783820
        0.0025510217  -0.0028293148   0.0008680257  -0.1136641882  -0.1018958416
        0.0561132083   0.0072056362   0.0041312286  -0.0035296251  -0.0003935024
       -0.0002257842  -0.0004909151  -0.0172050184  -0.0077699312   0.0071592797
        0.0012117766  -0.0000863578   0.0002437174  -0.0009576688  -0.0019410860
        0.0020458617   0.0005351569   0.0006031224   0.0002221060   0.1211113902
        0.1106198569  -0.0621023582   0.0001337595   0.0003108199  -0.0002086387
        0.0001612410  -0.0001392845  -0.0000088965  -0.0001601933  -0.0001956661
        0.0001278534  -0.0000618109  -0.0000869218  -0.0001406661  -0.0004967524
       -0.0006231296  -0.0003756924   0.0000291524   0.0001282900   0.0000767398
        0.0180749130   0.0117048144  -0.0069917758   0.0863756575   0.0512922228
       -0.0597221257  -0.0017599403  -0.0014125629  -0.0037021912  -0.0005689182
        0.0003100105   0.0010609326   0.0004348058   0.0022261888  -0.0049693902
        0.0004273391  -0.0014273368  -0.0001628335  -0.0022364709  -0.0009565302
        0.0014851304  -0.0000430468   0.0000394488   0.0010210746  -0.1008132588
       -0.0621023582   0.0722493857   0.0003280399   0.0000807663  -0.0003203899
       -0.0003127742   0.0003448671   0.0000320604   0.0000706096   0.0001681528
       -0.0002087984   0.0000541583   0.0000475205   0.0002363787  -0.0001061147
       -0.0004721284  -0.0001427996   0.0000750008   0.0001569245   0.0001353418
       -0.0027171324   0.0043326895   0.0033276289  -0.0047009029   0.0223034086
       -0.0017629464  -0.0366707910   0.0187079095   0.0006310784  -0.0018815612
       -0.0145516017  -0.0038231655  -0.0038112257   0.0033328593   0.0001442957
        0.0010395475  -0.0054835273  -0.0025579874  -0.0011748807  -0.0007161340
        0.0002279898  -0.0000695892  -0.0001651814   0.0000548936   0.0002952619
        0.0001337595   0.0003280399   0.0483934097  -0.0282266457   0.0036207961
        0.0005722597  -0.0011561792  -0.0004417636   0.0001960879   0.0013917322
       -0.0000945490   0.0000850605   0.0002900067   0.0001501764   0.0005052412
       -0.0002716169   0.0001925092  -0.0000607852   0.0000785210   0.0000030040
        0.0054897251  -0.0132033114  -0.0029913420   0.0018946299  -0.0053704272
        0.0022633844   0.0231470862  -0.2716945679  -0.0345306906  -0.0052501634
       -0.0101146635  -0.0033586214   0.0026726733  -0.0018012831   0.0014040642
        0.0006881856  -0.0060905402  -0.0028619752  -0.0016398027  -0.0007496779
        0.0000825694  -0.0002299866   0.0000745539   0.0001365035   0.0000729016
        0.0003108199   0.0000807663  -0.0282266457   0.3104125929   0.0403540812
        0.0007276111  -0.0012630577  -0.0005078310  -0.0000863073  -0.0008043441
       -0.0004985460   0.0003176399   0.0003525936   0.0002032137   0.0004096638
       -0.0001984659   0.0000939716   0.0000127895   0.0001397784   0.0001304519
       -0.0047669641   0.0211857214   0.0036296228   0.0048297617  -0.0143787347
       -0.0008729147  -0.0023823414  -0.0350995437  -0.0431975233   0.0002155585
       -0.0101985033   0.0008120869  -0.0002673622   0.0012206066  -0.0020873928
       -0.0005873338  -0.0031061541  -0.0002082520  -0.0002882171  -0.0004061671
        0.0001356135   0.0003085938   0.0005472532  -0.0000768792  -0.0002395050
       -0.0002086387  -0.0003203899   0.0036207961   0.0403540812   0.0420681579
       -0.0004717956  -0.0003784654  -0.0008305449  -0.0004772492   0.0002274979
        0.0008252759   0.0003863106   0.0004113519   0.0000537737   0.0001540594
       -0.0002126984   0.0000042750  -0.0000343118   0.0000423933   0.0000650912
       -0.0028272692  -0.0012786851  -0.0042385530   0.0040244007  -0.0036093207
       -0.0013466503  -0.0109944717  -0.0025692745  -0.0120433198  -0.0278235591
       -0.0014424505   0.0439364556   0.0013965399  -0.0011745872  -0.0015480465
       -0.0074894423  -0.0098358620   0.0054265148   0.0002802608  -0.0007455508
       -0.0006779571  -0.0007880730   0.0005905821  -0.0007783553  -0.0004961050
        0.0001612410  -0.0003127742   0.0005722597   0.0007276111  -0.0004717956
        0.0340849750   0.0167448096  -0.0339174559   0.0004429626   0.0002018753
       -0.0002392497   0.0095192418   0.0020462604   0.0064923539  -0.0000112277
        0.0001234940  -0.0000075672   0.0001095075   0.0000598572  -0.0002735997
        0.0008564404  -0.0012382550  -0.0011701076   0.0000954090   0.0023475481
        0.0005252389   0.0040431235   0.0009375456  -0.0199742810  -0.0125264219
       -0.0428101000   0.0124827086  -0.0006105553   0.0003046288   0.0005022815
       -0.0025820501   0.0003979358   0.0302117523  -0.0013669524   0.0010789115
        0.0009891458  -0.0009255565   0.0000215628  -0.0000772701   0.0003263437
       -0.0001392845   0.0003448671  -0.0011561792  -0.0012630577  -0.0003784654
        0.0167448096   0.0462267172  -0.0243110645  -0.0002409112  -0.0001664252
        0.0001175437  -0.0028214671  -0.0057297398   0.0012880205  -0.0001275078
        0.0002715816  -0.0002294581   0.0002914754  -0.0002395691  -0.0003209117
        0.0011334491  -0.0016628687  -0.0021027836   0.0005709580   0.0000734626
        0.0016555819  -0.0020430084  -0.0014233738  -0.0207571037   0.0332109534
        0.0196485453  -0.2799382327   0.0001056690  -0.0004137814  -0.0003005926
        0.0041316632   0.0056772701  -0.0151078184   0.0005280569   0.0002983987
        0.0008705642  -0.0009631025   0.0003153927   0.0000236255  -0.0002101648
       -0.0000088965   0.0000320604  -0.0004417636  -0.0005078310  -0.0008305449
       -0.0339174559  -0.0243110645   0.3177858306   0.0002472883  -0.0000019058
        0.0000767580  -0.0019696623   0.0020856023  -0.0021275151   0.0000309188
       -0.0003105551   0.0002608057  -0.0004137992   0.0005416050   0.0004593648
       -0.0088791486   0.0071590415  -0.0033563660   0.0052183677  -0.0039602166
        0.0020944706  -0.0020728747   0.0009186763  -0.0001934107  -0.0024944257
        0.0013146104   0.0007203007  -0.2083024766   0.1017697941  -0.0562430751
       -0.0031552355   0.0004887502  -0.0021406902  -0.0170280155   0.0060734851
       -0.0063587681  -0.0000083465  -0.0004565909   0.0001482122   0.0002228965
       -0.0001601933   0.0000706096   0.0001960879  -0.0000863073  -0.0004772492
        0.0004429626  -0.0002409112   0.0002472883   0.2360897707  -0.1125405635
        0.0656196171  -0.0000094218  -0.0002531096  -0.0000659408   0.0003319798
        0.0001381517   0.0002664957  -0.0005521201  -0.0001646168  -0.0003314943
        0.0086561546  -0.0097239631   0.0057121170   0.0175753305  -0.0132097067
        0.0014602915   0.0026258759  -0.0063637607  -0.0005200509  -0.0025093435
       -0.0002602409  -0.0005291378   0.0983102637  -0.0919984977   0.0310216776
       -0.0009884139   0.0001862441  -0.0012359012  -0.0118088196   0.0040710555
       -0.0039260274  -0.0001144705   0.0000519359  -0.0000429839   0.0000061360
       -0.0001956661   0.0001681528   0.0013917322  -0.0008043441   0.0002274979
        0.0002018753  -0.0001664252  -0.0000019058  -0.1125405635   0.1183121656
       -0.0320112816  -0.0000573049  -0.0002352629  -0.0000378631  -0.0006495788
        0.0004105677  -0.0002106209  -0.0000988735  -0.0000741014  -0.0000739643
        0.0172824191  -0.0120045852   0.0062631765  -0.0122904657   0.0073620442
       -0.0040370036  -0.0007262835  -0.0018728145  -0.0013317820  -0.0023060794
        0.0006506650   0.0007370490  -0.0562516634   0.0336353926  -0.0541780330
       -0.0014026725  -0.0000511052  -0.0015499240  -0.0109140204   0.0041157895
       -0.0022695279   0.0006773713   0.0004670403   0.0001123558   0.0000049275
        0.0001278534  -0.0002087984  -0.0000945490  -0.0004985460   0.0008252759
       -0.0002392497   0.0001175437   0.0000767580   0.0656196171  -0.0320112816
        0.0554337482   0.0003241681   0.0000585348  -0.0000241630   0.0002818247
        0.0001054250   0.0004544550   0.0000346555  -0.0002019561  -0.0003035864
       -0.0011618011  -0.0006237878  -0.0005625195   0.0001913678  -0.0003605085
        0.0010688025  -0.0025906747  -0.0004305081   0.0021649283  -0.0046167948
        0.0075858803  -0.0034237117  -0.0008395358   0.0010915630   0.0020657809
       -0.0397827779  -0.0014078220   0.0466337091  -0.0099396789   0.0048185990
        0.0170397295  -0.0001628618  -0.0001652348  -0.0001273841  -0.0001141424
       -0.0000618109   0.0000541583   0.0000850605   0.0003176399   0.0003863106
        0.0095192418  -0.0028214671  -0.0019696623  -0.0000094218  -0.0000573049
        0.0003241681   0.0515993829  -0.0099581022  -0.0644535845   0.0000716770
       -0.0001990040   0.0000078898  -0.0022490408   0.0022718683   0.0007913850
       -0.0010746880  -0.0003660850  -0.0002642137   0.0001006804  -0.0003015759
        0.0004329099  -0.0014289868   0.0001108345   0.0025482262  -0.0082675208
        0.0007450680   0.0285948323  -0.0009845249   0.0005672900   0.0004059837
        0.0091780993  -0.0438410573  -0.0037114464   0.0057524963  -0.0028623827
       -0.0230089103  -0.0000765134  -0.0000471408  -0.0000806977  -0.0000330064
       -0.0000869218   0.0000475205   0.0002900067   0.0003525936   0.0004113519
        0.0020462604  -0.0057297398   0.0020856023  -0.0002531096  -0.0002352629
        0.0000585348  -0.0099581022   0.0528721522  -0.0050485695  -0.0004423393
        0.0003443432  -0.0008434357   0.0051512483  -0.0015221154  -0.0016276882
       -0.0011948011  -0.0006583406   0.0007811841  -0.0001503270  -0.0004429128
        0.0003181938  -0.0030697149   0.0001701290   0.0010466911  -0.0000864088
        0.0107453361  -0.0208440870  -0.0003461118  -0.0001801789   0.0001806927
        0.0565448083  -0.0021467584  -0.2625215275   0.0042587651  -0.0029448776
       -0.0149843180   0.0000731676   0.0000513777   0.0001875410  -0.0003029381
       -0.0001406661   0.0002363787   0.0001501764   0.0002032137   0.0000537737
        0.0064923539   0.0012880205  -0.0021275151  -0.0000659408  -0.0000378631
       -0.0000241630  -0.0644535845  -0.0050485695   0.2974825581  -0.0007265489
        0.0002093827   0.0003397107   0.0028771045  -0.0010672927  -0.0001251132
       -0.0001481334  -0.0001471902   0.0002131675  -0.0016356344  -0.0029615995
       -0.0008702074  -0.0007988681   0.0011950814  -0.0007684888   0.0010476616
        0.0057513615   0.0032796504  -0.0021896313  -0.0158778087   0.0061896018
       -0.0048979989   0.0207021703  -0.0116393590  -0.0410809574  -0.0004601252
        0.0000197013   0.0000077015   0.0000599637   0.0000791342   0.0001742841
       -0.0004967524  -0.0001061147   0.0005052412   0.0004096638   0.0001540594
       -0.0000112277  -0.0001275078   0.0000309188   0.0003319798  -0.0006495788
        0.0002818247   0.0000716770  -0.0004423393  -0.0007265489   0.0473314150
       -0.0014195531   0.0001106698   0.0012924909  -0.0055357856   0.0037519910
        0.0000692650  -0.0004818452  -0.0001497256  -0.0021037018  -0.0010176317
       -0.0005620518   0.0012849648  -0.0001611304   0.0007764697   0.0014033362
       -0.0062051531  -0.0018813928  -0.0040646808  -0.0174101672   0.0067965659
        0.0060109098  -0.0131805899   0.0073543769  -0.0008691202  -0.2221467422
        0.0949690606   0.0000151160   0.0001375073  -0.0000279809   0.0000543670
       -0.0006231296  -0.0004721284  -0.0002716169  -0.0001984659  -0.0002126984
        0.0001234940   0.0002715816  -0.0003105551   0.0001381517   0.0004105677
        0.0001054250  -0.0001990040   0.0003443432   0.0002093827  -0.0014195531
        0.2599552923  -0.1084030620  -0.0001719276   0.0003055631   0.0018083142
       -0.0002021626  -0.0002028892  -0.0000545707  -0.0009101122  -0.0014227575
        0.0000351362  -0.0003631905   0.0004684732  -0.0000158586   0.0008989929
       -0.0003330546   0.0018342083  -0.0008278983  -0.0084769522   0.0043045363
       -0.0010036728  -0.0024232331   0.0016500397   0.0010335847   0.0946918818
       -0.0948165552   0.0000243516  -0.0000287361   0.0000485541  -0.0000446194
       -0.0003756924  -0.0001427996   0.0001925092   0.0000939716   0.0000042750
       -0.0000075672  -0.0002294581   0.0002608057   0.0002664957  -0.0002106209
        0.0004544550   0.0000078898  -0.0008434357   0.0003397107   0.0001106698
       -0.1084030620   0.1041774701   0.0008247292   0.0276955653  -0.0180794070
       -0.0015158899  -0.0010773284  -0.0024162407   0.0006133113   0.0017624677
        0.0005721171  -0.0002264261   0.0002095953  -0.0006361358   0.0000371739
       -0.0011469824  -0.0001832064   0.0010036732  -0.0070301642  -0.0185029891
       -0.0083421400   0.0034973628   0.0262472284  -0.0454911721   0.0044028980
        0.0464840931  -0.0002439515  -0.0009713697  -0.0002433853  -0.0001131178
        0.0000291524   0.0000750008  -0.0000607852   0.0000127895  -0.0000343118
        0.0001095075   0.0002914754  -0.0004137992  -0.0005521201  -0.0000988735
        0.0000346555  -0.0022490408   0.0051512483   0.0028771045   0.0012924909
       -0.0001719276   0.0008247292   0.0557384865  -0.0048603436  -0.0546848605
       -0.0011728303  -0.0010580849  -0.0025434212   0.0004960158   0.0014517952
        0.0002748138  -0.0002745751   0.0001696735  -0.0004965548   0.0003701628
        0.0000367071  -0.0003017249  -0.0007668380  -0.0056121820  -0.0167759571
        0.0017682296   0.0003463464  -0.0135262066   0.0077392669  -0.0445137489
       -0.0175809219  -0.0000080268  -0.0008806037  -0.0000511572  -0.0000009054
        0.0001282900   0.0001569245   0.0000785210   0.0001397784   0.0000423933
        0.0000598572  -0.0002395691   0.0005416050  -0.0001646168  -0.0000741014
       -0.0002019561   0.0022718683  -0.0015221154  -0.0010672927  -0.0055357856
        0.0003055631   0.0276955653  -0.0048603436   0.0513222518   0.0238338906
       -0.0006140507   0.0004466693  -0.0015619821   0.0005807889   0.0009902842
        0.0014241553   0.0001370630  -0.0000243979  -0.0001549593  -0.0004716304
        0.0006100837   0.0011413218  -0.0016137041  -0.0064007409  -0.0146421101
        0.0052449422  -0.0022785048  -0.0077804691   0.0476719568  -0.0165565535
       -0.2672314323  -0.0001134092  -0.0006136723   0.0001068125  -0.0000783820
        0.0000767398   0.0001353418   0.0000030040   0.0001304519   0.0000650912
       -0.0002735997  -0.0003209117   0.0004593648  -0.0003314943  -0.0000739643
       -0.0003035864   0.0007913850  -0.0016276882  -0.0001251132   0.0037519910
        0.0018083142  -0.0180794070  -0.0546848605   0.0238338906   0.3065469722
