           1           2  0.89574663007161281     
           1           3  0.97636572661617804     
           2           3  0.88752190078375814     
           3           4   1.0375612023023861     
           1           5  0.97311984973414600     
           2           5  0.98949196823015684     
           4           6   1.7682030512749820     
           5           7  0.92491212442585335     
           6           7   1.0511676715068552     
           1           8  0.97035885139160449     
           2           9  0.96647830592752637     
           3          10  0.96615924934945641     
           4          11  0.96218873208673650     
           5          12  0.96271764408650828     
           6          13  0.96484606401392181     
           7          14  0.97534224237761569     
           7          15  0.96967177820705053     
