$hessian                                                                        
        0.4945395404   0.0379292993  -0.0001663255  -0.1372548968   0.0655969939
       -0.0004850693  -0.0377565962   0.0146724194  -0.0003118574  -0.0066098053
       -0.0016204906  -0.0000244724  -0.0027634032   0.0046472202   0.0019401779
       -0.0025484344   0.0044276982  -0.0019814294  -0.2197804098  -0.1095902658
        0.0004555543  -0.0439093783  -0.0081480384   0.0105435516  -0.0439166164
       -0.0079148361  -0.0099701299
        0.0379292993   0.5025687601  -0.0005684470   0.0708598356  -0.1267745783
        0.0005218825  -0.0112422324   0.0122140667  -0.0001100450  -0.0040138081
       -0.0004598598  -0.0000219908   0.0159922205  -0.0146524970  -0.0028618817
        0.0158008703  -0.0144118398   0.0030989968  -0.1082720740  -0.1086244617
        0.0002710686  -0.0086290983  -0.1238888101   0.1140310640  -0.0084250128
       -0.1259707800  -0.1143606473
       -0.0001663255  -0.0005684470   0.5264045200  -0.0005246702   0.0004784836
       -0.0697358335  -0.0001580804   0.0000556468   0.0031923122  -0.0000213545
       -0.0000135656   0.0006403748   0.0189061127  -0.0179956298  -0.0013348099
       -0.0189909116   0.0180747077  -0.0015972818   0.0004086234   0.0002460279
       -0.0436377311   0.0109250512   0.1133077649  -0.2085033162  -0.0103784451
       -0.1135849885  -0.2054282347
       -0.1372548968   0.0708598356  -0.0005246702   0.4370072290  -0.0175893706
       -0.0000341004  -0.1675830717  -0.0611828362  -0.0005918490  -0.0285991088
       -0.0171121839  -0.0000125297  -0.0386169309   0.0027026491   0.0007530168
       -0.0386497239   0.0018475210   0.0005648946  -0.0238305389   0.0142178119
       -0.0001361971  -0.0011633409   0.0030620383  -0.0023390199  -0.0013096172
        0.0031945347   0.0023204550
        0.0655969939  -0.1267745783   0.0004784836  -0.0175893706   0.4819672275
       -0.0003614416  -0.0885453280  -0.1334402549  -0.0000443658   0.0163230450
        0.0132846066   0.0000387318   0.0020825346  -0.1059479002  -0.0920957777
        0.0013270969  -0.1053540600   0.0918446295  -0.0125624559   0.0083835457
       -0.0000630121   0.0165502427  -0.0159078683   0.0039711380   0.0168172414
       -0.0162107182  -0.0037683856
       -0.0004850693   0.0005218825  -0.0697358335  -0.0000341004  -0.0003614416
        0.5010895580  -0.0002247309   0.0003070663  -0.0497935903  -0.0003585759
       -0.0003040536  -0.0029682438  -0.0001646196  -0.0920032935  -0.1871819114
        0.0014043894   0.0917591013  -0.1880322346   0.0000225792  -0.0000254531
        0.0000178673  -0.0201412188   0.0185515662  -0.0018532103   0.0199813464
       -0.0184453744  -0.0015424015
       -0.0377565962  -0.0112422324  -0.0001580804  -0.1675830717  -0.0885453280
       -0.0002247309   0.5092876477  -0.0861407494   0.0053291219  -0.2702859223
        0.2185023736  -0.0047736476  -0.0159371143  -0.0176054232  -0.0091575522
       -0.0162517506  -0.0176059939   0.0090196475  -0.0052269767   0.0042138087
       -0.0000515063   0.0018559707  -0.0007785423  -0.0005258932   0.0018978132
       -0.0007979131   0.0005426412
        0.0146724194   0.0122140667   0.0000556468  -0.0611828362  -0.1334402549
        0.0003070663  -0.0861407494   0.3779612429  -0.0041134793   0.1848256881
       -0.2172055893   0.0038941561  -0.0281490837  -0.0200297341  -0.0066715966
       -0.0280717541  -0.0198641343   0.0065106755   0.0050576755  -0.0015508461
        0.0000225847  -0.0005024515   0.0009355022  -0.0005897918  -0.0005089082
        0.0009797470   0.0005847382
       -0.0003118574  -0.0001100450   0.0031923122  -0.0005918490  -0.0000443658
       -0.0497935903   0.0053291219  -0.0041134793   0.0420610712  -0.0043600065
        0.0041918906  -0.0022296455  -0.0230692746  -0.0172793125   0.0026925221
        0.0230275584   0.0173022456   0.0027793629  -0.0000542868   0.0000343407
        0.0005296743   0.0007179983  -0.0009347592   0.0003900989  -0.0006874045
        0.0009534849   0.0003781942
       -0.0066098053  -0.0040138081  -0.0000213545  -0.0285991088   0.0163230450
       -0.0003585759  -0.2702859223   0.1848256881  -0.0043600065   0.3060150501
       -0.1976099986   0.0047527276   0.0001211639   0.0003115572  -0.0000887349
        0.0001193087   0.0003214758   0.0000828317  -0.0015356779   0.0010620621
       -0.0000142572   0.0003884802  -0.0006055797   0.0005068654   0.0003865114
       -0.0006144419  -0.0004994958
       -0.0016204906  -0.0004598598  -0.0000135656  -0.0171121839   0.0132846066
       -0.0003040536   0.2185023736  -0.2172055893   0.0041918906  -0.1976099986
        0.2013738985  -0.0038505723  -0.0006881451   0.0010100055   0.0000001925
       -0.0007169429   0.0010263865  -0.0000192829  -0.0006097156   0.0004866181
       -0.0000028737  -0.0000797545   0.0002494518  -0.0003831207  -0.0000651425
        0.0002344821   0.0003813857
       -0.0000244724  -0.0000219908   0.0006403748  -0.0000125297   0.0000387318
       -0.0029682438  -0.0047736476   0.0038941561  -0.0022296455   0.0047527276
       -0.0038505723   0.0030909644  -0.0011291731   0.0008744905   0.0007235788
        0.0011426819  -0.0009176063   0.0007901928   0.0000072902   0.0000017141
        0.0002039033  -0.0001592424   0.0001140294  -0.0001133529   0.0001963655
       -0.0001329526  -0.0001377719
       -0.0027634032   0.0159922205   0.0189061127  -0.0386169309   0.0020825346
       -0.0001646196  -0.0159371143  -0.0281490837  -0.0230692746   0.0001211639
       -0.0006881451  -0.0011291731   0.0577745790   0.0065989516   0.0053564856
        0.0021813640   0.0005393334  -0.0007807708   0.0004242663   0.0002004930
        0.0003049988   0.0006948813  -0.0006585240   0.0003522064  -0.0038788060
        0.0040822197   0.0002240347
        0.0046472202  -0.0146524970  -0.0179956298   0.0027026491  -0.1059479002
       -0.0920032935  -0.0176054232  -0.0200297341  -0.0172793125   0.0003115572
        0.0010100055   0.0008744905   0.0065989516   0.1332710663   0.1141799890
        0.0004300322   0.0083457976   0.0130193124  -0.0003479367   0.0005412049
        0.0000337029  -0.0005782754   0.0002169486  -0.0005263467   0.0038412248
       -0.0027548916  -0.0003029123
        0.0019401779  -0.0028618817  -0.0013348099   0.0007530168  -0.0920957777
       -0.1871819114  -0.0091575522  -0.0066715966   0.0026925221  -0.0000887349
        0.0000001925   0.0007235788   0.0053564856   0.1141799890   0.2138180563
        0.0010748322  -0.0132002954  -0.0309063453   0.0001873128   0.0002206305
       -0.0000019081  -0.0004897683   0.0005152201   0.0008415982   0.0004242302
       -0.0000864807   0.0013492192
       -0.0025484344   0.0158008703  -0.0189909116  -0.0386497239   0.0013270969
        0.0014043894  -0.0162517506  -0.0280717541   0.0230275584   0.0001193087
       -0.0007169429   0.0011426819   0.0021813640   0.0004300322   0.0010748322
        0.0578990937   0.0075900244  -0.0067131604   0.0004354766   0.0002175196
       -0.0003144658  -0.0038682402   0.0040813763  -0.0002882506   0.0006829062
       -0.0006582227  -0.0003426735
        0.0044276982  -0.0144118398   0.0180747077   0.0018475210  -0.1053540600
        0.0917591013  -0.0176059939  -0.0198641343   0.0173022456   0.0003214758
        0.0010263865  -0.0009176063   0.0005393334   0.0083457976  -0.0132002954
        0.0075900244   0.1322508999  -0.1138328770  -0.0003666792   0.0005606731
       -0.0000435125   0.0038205717  -0.0027550692   0.0003321503  -0.0005739514
        0.0002013463   0.0005260862
       -0.0019814294   0.0030989968  -0.0015972818   0.0005648946   0.0918446295
       -0.1880322346   0.0090196475   0.0065106755   0.0027793629   0.0000828317
       -0.0000192829   0.0007901928  -0.0007807708   0.0130193124  -0.0309063453
       -0.0067131604  -0.1138328770   0.2147687957  -0.0001845423  -0.0002339910
        0.0000099447  -0.0004905221   0.0001416715   0.0013443739   0.0004830510
       -0.0005291349   0.0008431916
       -0.2197804098  -0.1082720740   0.0004086234  -0.0238305389  -0.0125624559
        0.0000225792  -0.0052269767   0.0050576755  -0.0000542868  -0.0015356779
       -0.0006097156   0.0000072902   0.0004242663  -0.0003479367   0.0001873128
        0.0004354766  -0.0003666792  -0.0001845423   0.2558229085   0.1246309569
       -0.0004248982  -0.0031986372  -0.0037869306   0.0014323158  -0.0031104109
       -0.0037428406  -0.0013943942
       -0.1095902658  -0.1086244617   0.0002460279   0.0142178119   0.0083835457
       -0.0000254531   0.0042138087  -0.0015508461   0.0000343407   0.0010620621
        0.0004866181   0.0000017141   0.0002004930   0.0005412049   0.0002206305
        0.0002175196   0.0005606731  -0.0002339910   0.1246309569   0.1235180222
       -0.0003132060  -0.0173460636  -0.0115575027   0.0019144187  -0.0176063228
       -0.0117572534  -0.0018444817
        0.0004555543   0.0002710686  -0.0436377311  -0.0001361971  -0.0000630121
        0.0000178673  -0.0000515063   0.0000225847   0.0005296743  -0.0000142572
       -0.0000028737   0.0002039033   0.0003049988   0.0000337029  -0.0000019081
       -0.0003144658  -0.0000435125   0.0000099447  -0.0004248982  -0.0003132060
        0.0461888730   0.0232305069   0.0159096037  -0.0017261002  -0.0230497354
       -0.0158143555  -0.0015845234
       -0.0439093783  -0.0086290983   0.0109250512  -0.0011633409   0.0165502427
       -0.0201412188   0.0018559707  -0.0005024515   0.0007179983   0.0003884802
       -0.0000797545  -0.0001592424   0.0006948813  -0.0005782754  -0.0004897683
       -0.0038682402   0.0038205717  -0.0004905221  -0.0031986372  -0.0173460636
        0.0232305069   0.0482688967   0.0060097372  -0.0116778597   0.0009313676
        0.0007550917  -0.0019149453
       -0.0081480384  -0.1238888101   0.1133077649   0.0030620383  -0.0159078683
        0.0185515662  -0.0007785423   0.0009355022  -0.0009347592  -0.0006055797
        0.0002494518   0.0001140294  -0.0006585240   0.0002169486   0.0005152201
        0.0040813763  -0.0027550692   0.0001416715  -0.0037869306  -0.0115575027
        0.0159096037   0.0060097372   0.1429005523  -0.1329665880   0.0008244632
        0.0098067955  -0.0146385085
        0.0105435516   0.1140310640  -0.2085033162  -0.0023390199   0.0039711380
       -0.0018532103  -0.0005258932  -0.0005897918   0.0003900989   0.0005068654
       -0.0003831207  -0.0001133529   0.0003522064  -0.0005263467   0.0008415982
       -0.0002882506   0.0003321503   0.0013443739   0.0014323158   0.0019144187
       -0.0017261002  -0.0116778597  -0.1329665880   0.2376686492   0.0019960842
        0.0142170762  -0.0280487405
       -0.0439166164  -0.0084250128  -0.0103784451  -0.0013096172   0.0168172414
        0.0199813464   0.0018978132  -0.0005089082  -0.0006874045   0.0003865114
       -0.0000651425   0.0001963655  -0.0038788060   0.0038412248   0.0004242302
        0.0006829062  -0.0005739514   0.0004830510  -0.0031104109  -0.0176063228
       -0.0230497354   0.0009313676   0.0008244632   0.0019960842   0.0483168521
        0.0056964083   0.0110345078
       -0.0079148361  -0.1259707800  -0.1135849885   0.0031945347  -0.0162107182
       -0.0184453744  -0.0007979131   0.0009797470   0.0009534849  -0.0006144419
        0.0002344821  -0.0001329526   0.0040822197  -0.0027548916  -0.0000864807
       -0.0006582227   0.0002013463  -0.0005291349  -0.0037428406  -0.0117572534
       -0.0158143555   0.0007550917   0.0098067955   0.0142170762   0.0056964083
        0.1454712723   0.1334227254
       -0.0099701299  -0.1143606473  -0.2054282347   0.0023204550  -0.0037683856
       -0.0015424015   0.0005426412   0.0005847382   0.0003781942  -0.0004994958
        0.0003813857  -0.0001377719   0.0002240347  -0.0003029123   0.0013492192
       -0.0003426735   0.0005260862   0.0008431916  -0.0013943942  -0.0018444817
       -0.0015845234  -0.0019149453  -0.0146385085  -0.0280487405   0.0110345078
        0.1334227254   0.2341710669
