$hessian                                                                        
        0.4867959909   0.0943642416   0.0834918277  -0.0217255415  -0.0026632887
        0.0048557881  -0.1927455567  -0.0158820407  -0.0048591647  -0.0506081254
       -0.0175828184  -0.0246479147  -0.0692043800   0.0336394713   0.0333271036
       -0.0113494409  -0.0166933353  -0.0098573349   0.0011619961  -0.0013504991
       -0.0105196161  -0.1218461108  -0.0828110924  -0.0958343581  -0.0010374478
        0.0046542814   0.0087114612  -0.0084820754  -0.0031249194   0.0000564609
       -0.0021468941  -0.0026309004  -0.0039010965  -0.0053170970   0.0122307254
        0.0213175894  -0.0011708908  -0.0010348934  -0.0018647449   0.0007257230
        0.0004798348  -0.0003205017  -0.0030501496  -0.0015947668   0.0000445007
        0.0943642416   0.3564788078   0.1894945302  -0.0012332974  -0.0317744874
        0.0029826785  -0.0318402944  -0.0569866464  -0.0135983314   0.0032943727
        0.0068652593   0.0085416018   0.0340400579  -0.1385912719  -0.0778595892
       -0.0230443250  -0.0072693350  -0.0060542048  -0.0034027398  -0.0217537675
       -0.0207616343  -0.0821537618  -0.1014764571  -0.0953042598   0.0018747788
        0.0021692905   0.0148002100   0.0093093209  -0.0001693436   0.0024248652
       -0.0000684752   0.0005310886   0.0014971399   0.0015361598  -0.0031058410
       -0.0019310259  -0.0003637878  -0.0026106502  -0.0041751512   0.0009745184
        0.0012870531  -0.0000300171  -0.0032867688  -0.0035936993  -0.0000268119
        0.0834918277   0.1894945302   0.5767876159  -0.0378926649   0.0338791560
       -0.2392514352   0.0279050419  -0.0091522982  -0.0355046072  -0.0202387073
       -0.0062629816  -0.0396455812   0.0413334860  -0.1051464132  -0.0906033665
       -0.0040186417   0.0017574427  -0.0014523663  -0.0022437805  -0.0060935535
       -0.0046177523  -0.0964761195  -0.0946423283  -0.1509757029  -0.0004725645
       -0.0022573107  -0.0109344042   0.0135957481   0.0032585979   0.0006128803
       -0.0037309758  -0.0017126213  -0.0020723751  -0.0002881258  -0.0009583198
       -0.0026488374   0.0000684749   0.0001620094  -0.0004057895  -0.0002111881
       -0.0000917777   0.0007065678  -0.0008218105  -0.0022341318   0.0000051536
       -0.0217255415  -0.0012332974  -0.0378926649   0.4663126025   0.0748734596
       -0.0570266152  -0.0440836734  -0.0199276395   0.0220911584  -0.1934309826
       -0.0174074718   0.0257134203  -0.0793019293   0.0530484167  -0.0251687389
       -0.0096453626  -0.0183790992   0.0080870230   0.0028947348  -0.0023997110
        0.0093862819  -0.0023905314   0.0066628967  -0.0091522813  -0.0961905383
       -0.0819974975   0.0755132343  -0.0010846649  -0.0029387599   0.0032706761
       -0.0101809998  -0.0036491134   0.0008810806  -0.0081382770   0.0156267421
       -0.0180292103  -0.0009091864  -0.0014016416   0.0017727127  -0.0029452715
       -0.0013124579   0.0001690756   0.0008196214   0.0004351741   0.0003848477
       -0.0026632887  -0.0317744874   0.0338791560   0.0748734596   0.4293610229
       -0.2293879693  -0.0009852300   0.0056043446  -0.0001945364  -0.0266648213
       -0.0607995216   0.0133631731   0.0508190243  -0.1670837522   0.0571590063
       -0.0224434357  -0.0083761047   0.0083889834  -0.0008487412  -0.0257988234
        0.0175057598  -0.0001269437   0.0040061716  -0.0124336329  -0.0813744112
       -0.1371259550   0.1118265844  -0.0008860302   0.0003555644  -0.0008899760
        0.0109188986   0.0009351515  -0.0040332040   0.0016548877  -0.0033696180
        0.0013002519   0.0002233102  -0.0032640677   0.0037058783  -0.0034093006
       -0.0039286701  -0.0001678756   0.0009126221   0.0012587450  -0.0000215990
        0.0048557881   0.0029826785  -0.2392514352  -0.0570266152  -0.2293879693
        0.5238436463   0.0211321029   0.0175823756  -0.0449593571  -0.0092373774
        0.0070211590  -0.0311805016  -0.0333517825   0.0842759208  -0.0519600310
        0.0013307816  -0.0001700749  -0.0021014724   0.0010971776   0.0028082470
       -0.0022382348  -0.0008067614   0.0039238975  -0.0114384378   0.0762571800
        0.1112276991  -0.1401853936   0.0035054534   0.0026518281  -0.0029795649
       -0.0102872040  -0.0028722966   0.0012223320   0.0014183917  -0.0014981119
        0.0004268351   0.0000442649  -0.0004596404  -0.0000441885   0.0007034310
        0.0017817596   0.0002176660   0.0003651692   0.0001325280   0.0006281375
       -0.1927455567  -0.0318402944   0.0279050419  -0.0440836734  -0.0009852300
        0.0211321029   0.4991905403  -0.0194668945  -0.1311093046  -0.0246223404
        0.0098089024  -0.0308508585  -0.0210731692   0.0118062352   0.0133304027
       -0.0575255606  -0.0184713687  -0.0097873016  -0.0003096575   0.0075266664
        0.0160128130  -0.0073308592   0.0010762186   0.0000692203  -0.0018542610
        0.0015365623   0.0031537609  -0.1418815385   0.0543359583   0.1196929961
       -0.0002431138  -0.0054304489  -0.0141920257  -0.0013854891   0.0014135765
        0.0031997449  -0.0030557010  -0.0118537345  -0.0192648770   0.0012887446
       -0.0004921720   0.0002545067  -0.0043683646   0.0010360231   0.0004537779
       -0.0158820407  -0.0569866464  -0.0091522982  -0.0199276395   0.0056043446
        0.0175823756  -0.0194668945   0.3178399685   0.1605862860   0.0040022443
       -0.0286972231  -0.0032383036   0.0173350361   0.0044012670  -0.0046963249
       -0.0155351509  -0.1556122032  -0.0817087666   0.0080329035  -0.0183255984
       -0.0170577323  -0.0111321926  -0.0028776589   0.0036626011  -0.0006470758
        0.0011220516   0.0026991433   0.0535979523  -0.0554174980  -0.0679245881
       -0.0008650700   0.0000332062   0.0111838265   0.0002670767  -0.0020969720
       -0.0033710861  -0.0017572701  -0.0076953949  -0.0084247952  -0.0009694199
        0.0007918967   0.0001923365   0.0029475408  -0.0020835399  -0.0003326742
       -0.0048591647  -0.0135983314  -0.0355046072   0.0220911584  -0.0001945364
       -0.0449593571  -0.1311093046   0.1605862860   0.6032780397  -0.0002295794
        0.0392977380  -0.2396864224   0.0051654103   0.0014979683  -0.0033461633
       -0.0086235569  -0.1100042116  -0.0850034083   0.0034437904  -0.0056827085
       -0.0065202989  -0.0127676459  -0.0013210248   0.0021669497   0.0040820141
       -0.0006743007  -0.0029708060   0.1200647483  -0.0670956819  -0.1773351956
       -0.0000540779  -0.0015858908  -0.0096358501  -0.0000087714   0.0000079292
       -0.0006889925   0.0006672750   0.0006752237  -0.0002857012   0.0001836983
        0.0000411138   0.0006609849   0.0019540060  -0.0019495729  -0.0001691717
       -0.0506081254   0.0032943727  -0.0202387073  -0.1934309826  -0.0266648213
       -0.0092373774  -0.0246223404   0.0040022443  -0.0002295794   0.5383679756
       -0.0685247581   0.1283305423  -0.0230233887   0.0133974671  -0.0081681270
       -0.0555269315  -0.0046369705   0.0058228427  -0.0030155660   0.0107512746
       -0.0146817156  -0.0029052508   0.0021862650  -0.0028548632  -0.0054099765
        0.0010940661   0.0012147447   0.0015222200  -0.0072013123   0.0112876443
       -0.1756317864   0.0846429010  -0.1056149099  -0.0018159464   0.0018786604
       -0.0027082105  -0.0005020396  -0.0150805063   0.0170613017  -0.0045799253
        0.0012919301   0.0004279743   0.0011820638  -0.0004308129  -0.0004115597
       -0.0175828184   0.0068652593  -0.0062629816  -0.0174074718  -0.0607995216
        0.0070211590   0.0098089024  -0.0286972231   0.0392977380  -0.0685247581
        0.3804492385  -0.1899452682   0.0183116908   0.0040210931   0.0031273786
       -0.0056972273  -0.1869170721   0.0660341436   0.0107331256  -0.0215410819
        0.0127682033  -0.0002665322   0.0013662162  -0.0019627579  -0.0137239691
       -0.0024915772  -0.0024641851  -0.0022072462   0.0012345355  -0.0088589695
        0.0840946051  -0.0802668305   0.0715421534   0.0007157018  -0.0026028114
        0.0029223211  -0.0004943897  -0.0090563304   0.0073365222   0.0031621247
       -0.0023623553  -0.0005240434  -0.0009217376   0.0007984610  -0.0000314138
       -0.0246479147   0.0085416018  -0.0396455812   0.0257134203   0.0133631731
       -0.0311805016  -0.0308508585  -0.0032383036  -0.2396864224   0.1283305423
       -0.1899452682   0.5019968092   0.0009106846  -0.0022779701  -0.0010564048
        0.0048327686   0.0944098051  -0.0562388280  -0.0020659418   0.0014408740
       -0.0005974439  -0.0041805489   0.0010552165  -0.0021474048   0.0117029779
        0.0005295473  -0.0001222966  -0.0019838878   0.0045753987  -0.0125551694
       -0.1061376142   0.0706952096  -0.1184435289   0.0003026124  -0.0006282129
        0.0002264830  -0.0007411302   0.0000513820  -0.0015701166  -0.0007518484
        0.0013711206   0.0002975972  -0.0004332617   0.0000564262   0.0007228089
       -0.0692043800   0.0340400579   0.0413334860  -0.0793019293   0.0508190243
       -0.0333517825  -0.0210731692   0.0173350361   0.0051654103  -0.0230233887
        0.0183116908   0.0009106846   0.6539809097  -0.0546061774  -0.0350703318
       -0.0414042513  -0.0104292089   0.0023963623  -0.1243178322  -0.0734865716
       -0.0014918878   0.0052108178  -0.0130314391  -0.0022868318   0.0043677835
       -0.0112284142  -0.0014664987  -0.0037874935   0.0004155221  -0.0006682987
       -0.0038205329   0.0002582429   0.0012348486  -0.2939511085   0.0392801508
        0.0229909799  -0.0054957124   0.0031197986   0.0006003885   0.0022008889
        0.0007943433   0.0008991794  -0.0003806020  -0.0015920556  -0.0011957085
        0.0336394713  -0.1385912719  -0.1051464132   0.0530484167  -0.1670837522
        0.0842759208   0.0118062352   0.0044012670   0.0014979683   0.0133974671
        0.0040210931  -0.0022779701  -0.0546061774   0.5379834814   0.0293614083
       -0.0053879428   0.0050980743   0.0005968137  -0.0741560429  -0.1416615759
       -0.0016553285   0.0053518546  -0.0100680408  -0.0032477304   0.0067531591
       -0.0126700998   0.0014555300  -0.0005327936  -0.0017983170   0.0009963849
       -0.0004852239  -0.0016317153  -0.0011523853   0.0396111111  -0.0443847228
       -0.0041377936   0.0003379161  -0.0014240694  -0.0000513740  -0.0156005653
       -0.0178403626   0.0026433483  -0.0131768854  -0.0143499882  -0.0031583792
        0.0333271036  -0.0778595892  -0.0906033665  -0.0251687389   0.0571590063
       -0.0519600310   0.0133304027  -0.0046963249  -0.0033461633  -0.0081681270
        0.0031273786  -0.0010564048  -0.0350703318   0.0293614083   0.2514854166
        0.0027916836   0.0009422151   0.0028172321  -0.0015456573  -0.0016881579
       -0.0588898224   0.0056375826  -0.0120274154  -0.0079269959  -0.0062268380
        0.0129363156  -0.0044824063   0.0013566943  -0.0002267019  -0.0003645086
       -0.0009456103  -0.0000487489  -0.0005075524   0.0230275123  -0.0041196458
       -0.0326908377   0.0003524184  -0.0002630198  -0.0011167220   0.0152104317
        0.0161184133  -0.0002218138  -0.0179085257  -0.0187151334  -0.0011360241
       -0.0113494409  -0.0230443250  -0.0040186417  -0.0096453626  -0.0224434357
        0.0013307816  -0.0575255606  -0.0155351509  -0.0086235569  -0.0555269315
       -0.0056972273   0.0048327686  -0.0414042513  -0.0053879428   0.0027916836
        0.6097765866   0.0826095583  -0.0194799346  -0.1695160533   0.0631782175
        0.0136057250  -0.0036756023  -0.0011017624   0.0007183981  -0.0035997295
       -0.0009359935  -0.0004150921   0.0013466885   0.0152867033   0.0018415669
        0.0014514769   0.0175217725  -0.0001154916  -0.0040742086  -0.0040221115
       -0.0001302100  -0.2460413649  -0.1083297096   0.0063377569  -0.0068225857
        0.0049602968  -0.0010376619  -0.0033936608   0.0029411103   0.0023619082
       -0.0166933353  -0.0072693350   0.0017574427  -0.0183790992  -0.0083761047
       -0.0001700749  -0.0184713687  -0.1556122032  -0.1100042116  -0.0046369705
       -0.1869170721   0.0944098051  -0.0104292089   0.0050980743   0.0009422151
        0.0826095583   0.5850240240   0.0230440339   0.0638491701  -0.0950634227
       -0.0078155859   0.0000262723  -0.0019655046   0.0011976704  -0.0003615860
       -0.0018153632  -0.0014303725  -0.0017807229  -0.0064573658  -0.0021803086
       -0.0017554229  -0.0092405418   0.0021666890  -0.0012394792  -0.0028995241
       -0.0000648378  -0.1086397202  -0.0947682702   0.0023462350   0.0199671020
       -0.0110562000   0.0001249325   0.0159348111  -0.0086811909  -0.0043236324
       -0.0098573349  -0.0060542048  -0.0014523663   0.0080870230   0.0083889834
       -0.0021014724  -0.0097873016  -0.0817087666  -0.0850034083   0.0058228427
        0.0660341436  -0.0562388280   0.0023963623   0.0005968137   0.0028172321
       -0.0194799346   0.0230440339   0.2496555567   0.0136400971  -0.0077665061
       -0.0605329924  -0.0008303084  -0.0005014739  -0.0003087274   0.0012841802
        0.0003975064  -0.0005344590  -0.0024934498  -0.0151466842  -0.0076706378
        0.0010505508   0.0123967065  -0.0049850764   0.0001173141   0.0001373526
       -0.0010604300   0.0063386349   0.0023259076  -0.0307961544  -0.0192379141
        0.0100996418   0.0019572818   0.0229492382  -0.0122434539  -0.0037455183
        0.0011619961  -0.0034027398  -0.0022437805   0.0028947348  -0.0008487412
        0.0010971776  -0.0003096575   0.0080329035   0.0034437904  -0.0030155660
        0.0107331256  -0.0020659418  -0.1243178322  -0.0741560429  -0.0015456573
       -0.1695160533   0.0638491701   0.0136400971   0.4078750233  -0.0237276048
        0.0069396462  -0.0000665684  -0.0004633383   0.0005298296  -0.0004020242
        0.0002248076  -0.0004603897  -0.0003461907   0.0004149320  -0.0007022626
       -0.0001737412   0.0009335150   0.0009151839  -0.0145671362  -0.0200458435
       -0.0007146639  -0.0176791123   0.0126863974   0.0023477876  -0.0431915942
        0.0218938983  -0.0265053248  -0.0383462781   0.0038755610   0.0053245082
       -0.0013504991  -0.0217537675  -0.0060935535  -0.0023997110  -0.0257988234
        0.0028082470   0.0075266664  -0.0183255984  -0.0056827085   0.0107512746
       -0.0215410819   0.0014408740  -0.0734865716  -0.1416615759  -0.0016881579
        0.0631782175  -0.0950634227  -0.0077665061  -0.0237276048   0.5474398114
        0.0032862840   0.0005172720  -0.0016887307   0.0006910093   0.0006871145
       -0.0022332262  -0.0011876206   0.0000379960  -0.0016123615   0.0005094314
       -0.0001301846  -0.0022639215  -0.0009105506   0.0033360033   0.0042240933
        0.0001859712  -0.0107158734   0.0073936116   0.0015010608   0.0219128101
       -0.1313010999   0.1098490484   0.0038630901  -0.0958139069  -0.0969428289
       -0.0105196161  -0.0207616343  -0.0046177523   0.0093862819   0.0175057598
       -0.0022382348   0.0160128130  -0.0170577323  -0.0065202989  -0.0146817156
        0.0127682033  -0.0005974439  -0.0014918878  -0.0016553285  -0.0588898224
        0.0136057250  -0.0078155859  -0.0605329924   0.0069396462   0.0032862840
        0.5322050617   0.0018391813  -0.0042604108  -0.0000985187  -0.0016464150
        0.0038738559   0.0007956037  -0.0003361959  -0.0046670265   0.0000992027
        0.0004265279   0.0041782616   0.0005810131   0.0013112815   0.0019262157
       -0.0007318874   0.0003135820  -0.0002190187  -0.0008405627  -0.0264444716
        0.1095329785  -0.1790645042   0.0052852632  -0.0966348218  -0.2195488635
       -0.1218461108  -0.0821537618  -0.0964761195  -0.0023905314  -0.0001269437
       -0.0008067614  -0.0073308592  -0.0111321926  -0.0127676459  -0.0029052508
       -0.0002665322  -0.0041805489   0.0052108178   0.0053518546   0.0056375826
       -0.0036756023   0.0000262723  -0.0008303084  -0.0000665684   0.0005172720
        0.0018391813   0.1320416553   0.0876519807   0.1087803122   0.0003952378
        0.0003491436   0.0002359517   0.0002260166   0.0000369695  -0.0000447394
       -0.0004581087  -0.0005082846  -0.0005465080   0.0004463052   0.0000076397
       -0.0000912727   0.0000427867  -0.0001158616  -0.0008830412  -0.0000897590
       -0.0001387664  -0.0000084568   0.0003999713   0.0005012103   0.0001423746
       -0.0828110924  -0.1014764571  -0.0946423283   0.0066628967   0.0040061716
        0.0039238975   0.0010762186  -0.0028776589  -0.0013210248   0.0021862650
        0.0013662162   0.0010552165  -0.0130314391  -0.0100680408  -0.0120274154
       -0.0011017624  -0.0019655046  -0.0005014739  -0.0004633383  -0.0016887307
       -0.0042604108   0.0876519807   0.1123603563   0.1075893313   0.0003458920
        0.0007706961  -0.0002589110  -0.0000111231   0.0001356039  -0.0000349897
        0.0004434819   0.0000372441   0.0001791261  -0.0001614367   0.0003480217
        0.0007118859   0.0000026182  -0.0000959336  -0.0004044605   0.0000660916
        0.0001315667  -0.0000188592  -0.0008552528  -0.0009835509   0.0000104163
       -0.0958343581  -0.0953042598  -0.1509757029  -0.0091522813  -0.0124336329
       -0.0114384378   0.0000692203   0.0036626011   0.0021669497  -0.0028548632
       -0.0019627579  -0.0021474048  -0.0022868318  -0.0032477304  -0.0079269959
        0.0007183981   0.0011976704  -0.0003087274   0.0005298296   0.0006910093
       -0.0000985187   0.1087803122   0.1075893313   0.1686265346  -0.0001231999
        0.0002089028   0.0007447067   0.0000922512  -0.0000124529   0.0005365641
       -0.0003758327  -0.0003066392  -0.0000608838   0.0002963830  -0.0003164689
        0.0002957248   0.0001823937   0.0002336860   0.0004273096   0.0000041685
       -0.0000290146   0.0000203128  -0.0000455896   0.0000297555   0.0001385690
       -0.0010374478   0.0018747788  -0.0004725645  -0.0961905383  -0.0813744112
        0.0762571800  -0.0018542610  -0.0006470758   0.0040820141  -0.0054099765
       -0.0137239691   0.0117029779   0.0043677835   0.0067531591  -0.0062268380
       -0.0035997295  -0.0003615860   0.0012841802  -0.0004020242   0.0006871145
       -0.0016464150   0.0003952378   0.0003458920  -0.0001231999   0.1029664422
        0.0868784140  -0.0863287806  -0.0003113940  -0.0005495304   0.0004970219
        0.0002170835   0.0000154785   0.0001044175   0.0004105911   0.0000461997
        0.0000666339   0.0001491078  -0.0003119320   0.0008964003   0.0003840880
        0.0004968812  -0.0000910108  -0.0000849626  -0.0001294134  -0.0000020168
        0.0046542814   0.0021692905  -0.0022573107  -0.0819974975  -0.1371259550
        0.1112276991   0.0015365623   0.0011220516  -0.0006743007   0.0010940661
       -0.0024915772   0.0005295473  -0.0112284142  -0.0126700998   0.0129363156
       -0.0009359935  -0.0018153632   0.0003975064   0.0002248076  -0.0022332262
        0.0038738559   0.0003491436   0.0007706961   0.0002089028   0.0868784140
        0.1526495501  -0.1256068268   0.0003393112   0.0000157818  -0.0002142065
        0.0000045474   0.0001400942  -0.0000398065  -0.0002090367   0.0004080627
       -0.0006650352   0.0000804240  -0.0001109166   0.0003177138  -0.0008557659
       -0.0009437116  -0.0000682034   0.0000651501   0.0001153225   0.0000341490
        0.0087114612   0.0148002100  -0.0109344042   0.0755132343   0.1118265844
       -0.1401853936   0.0031537609   0.0026991433  -0.0029708060   0.0012147447
       -0.0024641851  -0.0001222966  -0.0014664987   0.0014555300  -0.0044824063
       -0.0004150921  -0.0014303725  -0.0005344590  -0.0004603897  -0.0011876206
        0.0007956037   0.0002359517  -0.0002589110   0.0007447067  -0.0863287806
       -0.1256068268   0.1565584399   0.0004881225   0.0004138484  -0.0001734251
       -0.0000474432  -0.0000652006   0.0005311866  -0.0003527288   0.0003320421
        0.0002644383  -0.0001340725  -0.0002883598   0.0003417356  -0.0001361816
       -0.0002913668   0.0001331221   0.0000239117   0.0000654849   0.0000339580
       -0.0084820754   0.0093093209   0.0135957481  -0.0010846649  -0.0008860302
        0.0035054534  -0.1418815385   0.0535979523   0.1200647483   0.0015222200
       -0.0022072462  -0.0019838878  -0.0037874935  -0.0005327936   0.0013566943
        0.0013466885  -0.0017807229  -0.0024934498  -0.0003461907   0.0000379960
       -0.0003361959   0.0002260166  -0.0000111231   0.0000922512  -0.0003113940
        0.0003393112   0.0004881225   0.1516910183  -0.0576023941  -0.1349309959
        0.0006334546  -0.0003589249  -0.0001149551   0.0000792973   0.0001834379
        0.0010088601   0.0003485378  -0.0000364976  -0.0001418490  -0.0000861049
        0.0000585930   0.0000233182   0.0001322289  -0.0001108786  -0.0001338627
       -0.0031249194  -0.0001693436   0.0032585979  -0.0029387599   0.0003555644
        0.0026518281   0.0543359583  -0.0554174980  -0.0670956819  -0.0072013123
        0.0012345355   0.0045753987   0.0004155221  -0.0017983170  -0.0002267019
        0.0152867033  -0.0064573658  -0.0151466842   0.0004149320  -0.0016123615
       -0.0046670265   0.0000369695   0.0001356039  -0.0000124529  -0.0005495304
        0.0000157818   0.0004138484  -0.0576023941   0.0634234593   0.0760938171
       -0.0004171420   0.0005181192  -0.0002698603   0.0000130546  -0.0000444768
       -0.0000931766   0.0002504433   0.0004211456   0.0006802544  -0.0001440400
        0.0001269402  -0.0000011723   0.0012245151  -0.0007317872  -0.0001609880
        0.0000564609   0.0024248652   0.0006128803   0.0032706761  -0.0008899760
       -0.0029795649   0.1196929961  -0.0679245881  -0.1773351956   0.0112876443
       -0.0088589695  -0.0125551694  -0.0006682987   0.0009963849  -0.0003645086
        0.0018415669  -0.0021803086  -0.0076706378  -0.0007022626   0.0005094314
        0.0000992027  -0.0000447394  -0.0000349897   0.0005365641   0.0004970219
       -0.0002142065  -0.0001734251  -0.1349309959   0.0760938171   0.1982323135
        0.0000642863   0.0002871703   0.0007611640  -0.0002084570   0.0001509227
        0.0003388978  -0.0001881303  -0.0003948451   0.0003344342   0.0000231050
       -0.0000395369   0.0000116059   0.0000091264   0.0000748288   0.0001514389
       -0.0021468941  -0.0000684752  -0.0037309758  -0.0101809998   0.0109188986
       -0.0102872040  -0.0002431138  -0.0008650700  -0.0000540779  -0.1756317864
        0.0840946051  -0.1061376142  -0.0038205329  -0.0004852239  -0.0009456103
        0.0014514769  -0.0017554229   0.0010505508  -0.0001737412  -0.0001301846
        0.0004265279  -0.0004581087   0.0004434819  -0.0003758327   0.0002170835
        0.0000045474  -0.0000474432   0.0006334546  -0.0004171420   0.0000642863
        0.1899051207  -0.0919713347   0.1207110000  -0.0000294361   0.0003222735
       -0.0009108361   0.0003978611  -0.0000031784   0.0001259684   0.0001682498
       -0.0001550571   0.0001114159  -0.0000886337   0.0000672823  -0.0000001553
       -0.0026309004   0.0005310886  -0.0017126213  -0.0036491134   0.0009351515
       -0.0028722966  -0.0054304489   0.0000332062  -0.0015858908   0.0846429010
       -0.0802668305   0.0706952096   0.0002582429  -0.0016317153  -0.0000487489
        0.0175217725  -0.0092405418   0.0123967065   0.0009335150  -0.0022639215
        0.0041782616  -0.0005082846   0.0000372441  -0.0003066392   0.0000154785
        0.0001400942  -0.0000652006  -0.0003589249   0.0005181192   0.0002871703
       -0.0919713347   0.0913469759  -0.0801762064  -0.0000188959  -0.0000160263
        0.0000201940   0.0001172813   0.0004651467  -0.0006807946   0.0012128284
       -0.0007085538  -0.0001675297  -0.0001341168   0.0001205628   0.0000383862
       -0.0039010965   0.0014971399  -0.0020723751   0.0008810806  -0.0040332040
        0.0012223320  -0.0141920257   0.0111838265  -0.0096358501  -0.1056149099
        0.0715421534  -0.1184435289   0.0012348486  -0.0011523853  -0.0005075524
       -0.0001154916   0.0021666890  -0.0049850764   0.0009151839  -0.0009105506
        0.0005810131  -0.0005465080   0.0001791261  -0.0000608838   0.0001044175
       -0.0000398065   0.0005311866  -0.0001149551  -0.0002698603   0.0007611640
        0.1207110000  -0.0801762064   0.1318178526   0.0002619453  -0.0002609309
        0.0004257173   0.0002080103   0.0004273255   0.0002370581   0.0001980095
       -0.0002003896   0.0000945141  -0.0000295089   0.0000470730   0.0000344288
       -0.0053170970   0.0015361598  -0.0002881258  -0.0081382770   0.0016548877
        0.0014183917  -0.0013854891   0.0002670767  -0.0000087714  -0.0018159464
        0.0007157018   0.0003026124  -0.2939511085   0.0396111111   0.0230275123
       -0.0040742086  -0.0012394792   0.0001173141  -0.0145671362   0.0033360033
        0.0013112815   0.0004463052  -0.0001614367   0.0002963830   0.0004105911
       -0.0002090367  -0.0003527288   0.0000792973   0.0000130546  -0.0002084570
       -0.0000294361  -0.0000188959   0.0002619453   0.3291612669  -0.0458641130
       -0.0259942078  -0.0008062015   0.0005693907   0.0001354064   0.0000109856
       -0.0001181803   0.0001845830  -0.0000235458  -0.0000922441  -0.0002031390
        0.0122307254  -0.0031058410  -0.0009583198   0.0156267421  -0.0033696180
       -0.0014981119   0.0014135765  -0.0020969720   0.0000079292   0.0018786604
       -0.0026028114  -0.0006282129   0.0392801508  -0.0443847228  -0.0041196458
       -0.0040221115  -0.0028995241   0.0001373526  -0.0200458435   0.0042240933
        0.0019262157   0.0000076397   0.0003480217  -0.0003164689   0.0000461997
        0.0004080627   0.0003320421   0.0001834379  -0.0000444768   0.0001509227
        0.0003222735  -0.0000160263  -0.0002609309  -0.0458641130   0.0527327233
        0.0051086561  -0.0010312361   0.0005568864   0.0000950692  -0.0000171033
        0.0001209463   0.0000080407  -0.0000089986   0.0001292586   0.0000154619
        0.0213175894  -0.0019310259  -0.0026488374  -0.0180292103   0.0013002519
        0.0004268351   0.0031997449  -0.0033710861  -0.0006889925  -0.0027082105
        0.0029223211   0.0002264830   0.0229909799  -0.0041377936  -0.0326908377
       -0.0001302100  -0.0000648378  -0.0010604300  -0.0007146639   0.0001859712
       -0.0007318874  -0.0000912727   0.0007118859   0.0002957248   0.0000666339
       -0.0006650352   0.0002644383   0.0010088601  -0.0000931766   0.0003388978
       -0.0009108361   0.0000201940   0.0004257173  -0.0259942078   0.0051086561
        0.0354809595  -0.0000062750  -0.0000228258   0.0003469269   0.0000455813
        0.0000697169  -0.0000044575  -0.0000445032  -0.0000332161   0.0000194598
       -0.0011708908  -0.0003637878   0.0000684749  -0.0009091864   0.0002233102
        0.0000442649  -0.0030557010  -0.0017572701   0.0006672750  -0.0005020396
       -0.0004943897  -0.0007411302  -0.0054957124   0.0003379161   0.0003524184
       -0.2460413649  -0.1086397202   0.0063386349  -0.0176791123  -0.0107158734
        0.0003135820   0.0000427867   0.0000026182   0.0001823937   0.0001491078
        0.0000804240  -0.0001340725   0.0003485378   0.0002504433  -0.0001881303
        0.0003978611   0.0001172813   0.0002080103  -0.0008062015  -0.0010312361
       -0.0000062750   0.2747726200   0.1218783617  -0.0071194422  -0.0000434600
        0.0000759319  -0.0001752140  -0.0000072444   0.0000359908   0.0001892100
       -0.0010348934  -0.0026106502   0.0001620094  -0.0014016416  -0.0032640677
       -0.0004596404  -0.0118537345  -0.0076953949   0.0006752237  -0.0150805063
       -0.0090563304   0.0000513820   0.0031197986  -0.0014240694  -0.0002630198
       -0.1083297096  -0.0947682702   0.0023259076   0.0126863974   0.0073936116
       -0.0002190187  -0.0001158616  -0.0000959336   0.0002336860  -0.0003119320
       -0.0001109166  -0.0002883598  -0.0000364976   0.0004211456  -0.0003948451
       -0.0000031784   0.0004651467   0.0004273255   0.0005693907   0.0005568864
       -0.0000228258   0.1218783617   0.1098928851  -0.0022622657  -0.0000425195
        0.0001490667  -0.0000489219  -0.0000434739   0.0001468908   0.0000833631
       -0.0018647449  -0.0041751512  -0.0004057895   0.0017727127   0.0037058783
       -0.0000441885  -0.0192648770  -0.0084247952  -0.0002857012   0.0170613017
        0.0073365222  -0.0015701166   0.0006003885  -0.0000513740  -0.0011167220
        0.0063377569   0.0023462350  -0.0307961544   0.0023477876   0.0015010608
       -0.0008405627  -0.0008830412  -0.0004044605   0.0004273096   0.0008964003
        0.0003177138   0.0003417356  -0.0001418490   0.0006802544   0.0003344342
        0.0001259684  -0.0006807946   0.0002370581   0.0001354064   0.0000950692
        0.0003469269  -0.0071194422  -0.0022622657   0.0333555097  -0.0000565058
        0.0000409089   0.0000212201   0.0000527375  -0.0000248012  -0.0000049594
        0.0007257230   0.0009745184  -0.0002111881  -0.0029452715  -0.0034093006
        0.0007034310   0.0012887446  -0.0009694199   0.0001836983  -0.0045799253
        0.0031621247  -0.0007518484   0.0022008889  -0.0156005653   0.0152104317
       -0.0068225857   0.0199671020  -0.0192379141  -0.0431915942   0.0219128101
       -0.0264444716  -0.0000897590   0.0000660916   0.0000041685   0.0003840880
       -0.0008557659  -0.0001361816  -0.0000861049  -0.0001440400   0.0000231050
        0.0001682498   0.0012128284   0.0001980095   0.0000109856  -0.0000171033
        0.0000455813  -0.0000434600  -0.0000425195  -0.0000565058   0.0514846927
       -0.0261075642   0.0305949316   0.0014953279  -0.0001491965  -0.0001252475
        0.0004798348   0.0012870531  -0.0000917777  -0.0013124579  -0.0039286701
        0.0017817596  -0.0004921720   0.0007918967   0.0000411138   0.0012919301
       -0.0023623553   0.0013711206   0.0007943433  -0.0178403626   0.0161184133
        0.0049602968  -0.0110562000   0.0100996418   0.0218938983  -0.1313010999
        0.1095329785  -0.0001387664   0.0001315667  -0.0000290146   0.0004968812
       -0.0009437116  -0.0002913668   0.0000585930   0.0001269402  -0.0000395369
       -0.0001550571  -0.0007085538  -0.0002003896  -0.0001181803   0.0001209463
        0.0000697169   0.0000759319   0.0001490667   0.0000409089  -0.0261075642
        0.1572145383  -0.1283620543  -0.0017275114   0.0083189451  -0.0100415135
       -0.0003205017  -0.0000300171   0.0007065678   0.0001690756  -0.0001678756
        0.0002176660   0.0002545067   0.0001923365   0.0006609849   0.0004279743
       -0.0005240434   0.0002975972   0.0008991794   0.0026433483  -0.0002218138
       -0.0010376619   0.0001249325   0.0019572818  -0.0265053248   0.1098490484
       -0.1790645042  -0.0000084568  -0.0000188592   0.0000203128  -0.0000910108
       -0.0000682034   0.0001331221   0.0000233182  -0.0000011723   0.0000116059
        0.0001114159  -0.0001675297   0.0000945141   0.0001845830   0.0000080407
       -0.0000044575  -0.0001752140  -0.0000489219   0.0000212201   0.0305949316
       -0.1283620543   0.2038117889  -0.0045268147   0.0165709705  -0.0286418861
       -0.0030501496  -0.0032867688  -0.0008218105   0.0008196214   0.0009126221
        0.0003651692  -0.0043683646   0.0029475408   0.0019540060   0.0011820638
       -0.0009217376  -0.0004332617  -0.0003806020  -0.0131768854  -0.0179085257
       -0.0033936608   0.0159348111   0.0229492382  -0.0383462781   0.0038630901
        0.0052852632   0.0003999713  -0.0008552528  -0.0000455896  -0.0000849626
        0.0000651501   0.0000239117   0.0001322289   0.0012245151   0.0000091264
       -0.0000886337  -0.0001341168  -0.0000295089  -0.0000235458  -0.0000089986
       -0.0000445032  -0.0000072444  -0.0000434739   0.0000527375   0.0014953279
       -0.0017275114  -0.0045268147   0.0457142283  -0.0047929840  -0.0068294379
       -0.0015947668  -0.0035936993  -0.0022341318   0.0004351741   0.0012587450
        0.0001325280   0.0010360231  -0.0020835399  -0.0019495729  -0.0004308129
        0.0007984610   0.0000564262  -0.0015920556  -0.0143499882  -0.0187151334
        0.0029411103  -0.0086811909  -0.0122434539   0.0038755610  -0.0958139069
       -0.0966348218   0.0005012103  -0.0009835509   0.0000297555  -0.0001294134
        0.0001153225   0.0000654849  -0.0001108786  -0.0007317872   0.0000748288
        0.0000672823   0.0001205628   0.0000470730  -0.0000922441   0.0001292586
       -0.0000332161   0.0000359908   0.0001468908  -0.0000248012  -0.0001491965
        0.0083189451   0.0165709705  -0.0047929840   0.1153494776   0.1148580642
        0.0000445007  -0.0000268119   0.0000051536   0.0003848477  -0.0000215990
        0.0006281375   0.0004537779  -0.0003326742  -0.0001691717  -0.0004115597
       -0.0000314138   0.0007228089  -0.0011957085  -0.0031583792  -0.0011360241
        0.0023619082  -0.0043236324  -0.0037455183   0.0053245082  -0.0969428289
       -0.2195488635   0.0001423746   0.0000104163   0.0001385690  -0.0000020168
        0.0000341490   0.0000339580  -0.0001338627  -0.0001609880   0.0001514389
       -0.0000001553   0.0000383862   0.0000344288  -0.0002031390   0.0000154619
        0.0000194598   0.0001892100   0.0000833631  -0.0000049594  -0.0001252475
       -0.0100415135  -0.0286418861  -0.0068294379   0.1148580642   0.2515124687
