           1           2  0.96207528585463331     
           1           3  0.98305309914473704     
           2           4  0.98305502746881179     
           3           4  0.96213360220127520     
           1           5  0.95901472251934905     
           2           5  0.95905544607177695     
           3           6  0.95891583420360238     
           4           6  0.95910705728414813     
           5           7   1.0068697924063819     
           6           7   1.0069112858848828     
           1           8  0.97417006056873723     
           2           9  0.97412341981669404     
           3          10  0.97416572735375084     
           4          11  0.97415492667219550     
           5          12  0.97236437095136541     
           6          13  0.97238717724664103     
           7          14  0.96882596820861100     
           7          15  0.96886408487664288     
