$hessian                                                                        
        0.4573472753   0.1043272316  -0.0394753660  -0.0726332267  -0.0140986003
       -0.0176891519  -0.3191970030  -0.0630355949  -0.0022639902  -0.0026870140
       -0.0022757345  -0.0070248624  -0.0450844908  -0.0173462595   0.0521088914
       -0.0177455407  -0.0075710425   0.0143444790
        0.1043272316   0.0877552484  -0.1017858370  -0.0086095114   0.0038101782
       -0.0049992002  -0.0694543554  -0.0622002191   0.0094661565  -0.0024648076
        0.0126657201   0.0017652745  -0.0125388930  -0.0400459521   0.0898472879
       -0.0112596641  -0.0019849754   0.0057063183
       -0.0394753660  -0.1017858370   0.4774850577  -0.0436979761  -0.0110147722
        0.0090913876   0.0279885650   0.0164635476  -0.0911990561  -0.0060950556
        0.0019788494  -0.0023489335   0.0295784218   0.0846364636  -0.3835825978
        0.0317014109   0.0097217487  -0.0094458579
       -0.0726332267  -0.0086095114  -0.0436979761   0.7137414540   0.1010505714
        0.2430767426  -0.2880307818   0.0048964071  -0.2896186674  -0.3574953572
       -0.0963459498   0.0968605463   0.0023068623   0.0018676211   0.0009063952
        0.0021110493  -0.0028591385  -0.0075270405
       -0.0140986003   0.0038101782  -0.0110147722   0.1010505714   0.0842945618
       -0.0441085487  -0.0045382138  -0.0480449797   0.0176205281  -0.0858877231
       -0.0532740573   0.0262038589   0.0022698086  -0.0058616001  -0.0010805497
        0.0012041572   0.0190758972   0.0123794837
       -0.0176891519  -0.0049992002   0.0090913876   0.2430767426  -0.0441085487
        0.5245828110  -0.2451009403   0.0278760822  -0.4417213957   0.0473651261
        0.0148167946  -0.0463626569  -0.0009721617  -0.0015102846  -0.0005301506
       -0.0266796147   0.0079251568  -0.0450599954
       -0.3191970030  -0.0694543554   0.0279885650  -0.2880307818  -0.0045382138
       -0.2451009403   0.6948025193   0.0876815633   0.1966171426  -0.0280539346
        0.0027257424  -0.0388546132  -0.0111347323  -0.0070321032   0.0173748483
       -0.0483860676  -0.0093826332   0.0419749977
       -0.0630355949  -0.0622002191   0.0164635476   0.0048964071  -0.0480449797
        0.0278760822   0.0876815633   0.1735305340  -0.0872981258  -0.0074419384
       -0.0040873844  -0.0089044851  -0.0125601463  -0.0006926209   0.0054844781
       -0.0095402909  -0.0585053299   0.0463785031
       -0.0022639902   0.0094661565  -0.0911990561  -0.2896186674   0.0176205281
       -0.4417213957   0.1966171426  -0.0872981258   0.7598818976   0.0092238840
        0.0021529126  -0.0045136615   0.0433073652   0.0114729186  -0.0035771712
        0.0427342658   0.0465856100  -0.2188706131
       -0.0026870140  -0.0024648076  -0.0060950556  -0.3574953572  -0.0858877231
        0.0473651261  -0.0280539346  -0.0074419384   0.0092238840   0.3865339872
        0.0941298700  -0.0502180551   0.0008326559   0.0001966715  -0.0006844777
        0.0008696625   0.0014679276   0.0004085783
       -0.0022757345   0.0126657201   0.0019788494  -0.0963459498  -0.0532740573
        0.0148167946   0.0027257424  -0.0040873844   0.0021529126   0.0941298700
        0.0491137341  -0.0170311417   0.0001344134   0.0006691840  -0.0000123053
        0.0016316584  -0.0050871965  -0.0019051096
       -0.0070248624   0.0017652745  -0.0023489335   0.0968605463   0.0262038589
       -0.0463626569  -0.0388546132  -0.0089044851  -0.0045136615  -0.0502180551
       -0.0170311417   0.0497060873  -0.0004270513   0.0000376697  -0.0000350706
       -0.0003359643  -0.0020711764   0.0035542352
       -0.0450844908  -0.0125388930   0.0295784218   0.0023068623   0.0022698086
       -0.0009721617  -0.0111347323  -0.0125601463   0.0433073652   0.0008326559
        0.0001344134  -0.0004270513   0.0588199953   0.0255970955  -0.0719104125
       -0.0057402904  -0.0029022782   0.0004238384
       -0.0173462595  -0.0400459521   0.0846364636   0.0018676211  -0.0058616001
       -0.0015102846  -0.0070321032  -0.0006926209   0.0114729186   0.0001966715
        0.0006691840   0.0000376697   0.0255970955   0.0405539237  -0.0960526371
       -0.0032830253   0.0053770655   0.0014158697
        0.0521088914   0.0898472879  -0.3835825978   0.0009063952  -0.0010805497
       -0.0005301506   0.0173748483   0.0054844781  -0.0035771712  -0.0006844777
       -0.0000123053  -0.0000350706  -0.0719104125  -0.0960526371   0.3874781500
        0.0022047554   0.0018137262   0.0002468401
       -0.0177455407  -0.0112596641   0.0317014109   0.0021110493   0.0012041572
       -0.0266796147  -0.0483860676  -0.0095402909   0.0427342658   0.0008696625
        0.0016316584  -0.0003359643  -0.0057402904  -0.0032830253   0.0022047554
        0.0688911870   0.0212471648  -0.0496248530
       -0.0075710425  -0.0019849754   0.0097217487  -0.0028591385   0.0190758972
        0.0079251568  -0.0093826332  -0.0585053299   0.0465856100   0.0014679276
       -0.0050871965  -0.0020711764  -0.0029022782   0.0053770655   0.0018137262
        0.0212471648   0.0411245392  -0.0639750652
        0.0143444790   0.0057063183  -0.0094458579  -0.0075270405   0.0123794837
       -0.0450599954   0.0419749977   0.0463785031  -0.2188706131   0.0004085783
       -0.0019051096   0.0035542352   0.0004238384   0.0014158697   0.0002468401
       -0.0496248530  -0.0639750652   0.2695753911
