 -1.0
 -0.14058548376972D+01  0.15990041989605D+01 -0.14718444389551D+00 -0.30416615767792D-03 -0.93864632362912D-03  0.26546672082037D-03
 -0.13686636792851D+01 -0.11564338470492D+01 -0.15666295532785D+00  0.40987556177711D-03  0.49292312592356D-05 -0.10213128026082D-02
  0.13469756155011D+01  0.97196118241725D+00  0.48747099084132D+00  0.49219456057141D-03 -0.10718706837199D-03 -0.14634033896593D-03
  0.15480006785169D+01 -0.12936928555468D+01 -0.97688953742184D-01 -0.56654281512045D-04  0.83904820181208D-03  0.10979897277994D-02
 -0.32377010462435D+01  0.22009189234789D+01  0.10716995093785D+01 -0.17195718927636D-02  0.51678598286291D-02  0.27262409276597D-02
 -0.11445083194541D+01  0.27571306535722D+01 -0.21121652425538D+01  0.46126275119440D-04 -0.12220528402611D-02 -0.15221527090092D-02
 -0.24208154090992D+01 -0.24197588910365D+01 -0.18885226537620D+01 -0.13466187230056D-02 -0.10124325486968D-02  0.11045419296828D-02
 -0.27165459396265D+01 -0.23842212965818D+01  0.67168050573354D+00 -0.12485364788569D-02  0.15788992557119D-02  0.70153935019612D-03
  0.24893984962032D+01  0.20194538292625D+01  0.15632083786515D+01  0.74208549651433D-03 -0.34795760687018D-02 -0.16188034745847D-02
  0.29499964521171D+01 -0.29379652089550D+01  0.73005687302923D-02 -0.29742916773837D-02  0.13917409858657D-02 -0.37431078332161D-02
