$coord
       -1.43154410135785        1.36249085447466       -0.04047264451248      C
       -1.55857432236392       -1.57887072051027       -0.20830530185099      C
        1.46131447534162        1.45150024995796        0.52287940337806      C
        1.58493380841719       -1.29812652534540       -0.14753235915897      C
       -2.47450425916982        2.66981467166711        1.17085534072551      H
       -1.23403902674660        2.25107764761790       -1.61013811614417      H
       -2.93587525600456       -2.48436215603082       -2.01099377427621      H
       -2.58884230874241       -1.64487671811305        1.55024014429948      H
        2.77405141346690        3.16208402916041        0.30989562759601      H
        3.15165929316070       -2.51006788249829       -0.58470792327953      H
$end
