 -1.0
 -0.15872770853648D+01  0.12629310829579D+01 -0.22838445448517D+00 -0.45249258076387D-03 -0.36673811799192D-03  0.46742771814042D-03
 -0.11259777894227D+01 -0.20470610130696D+01 -0.31594546306053D+00 -0.12706176455091D-03  0.60778151138021D-03  0.12146703096799D-03
  0.10965347840226D+01  0.16486346035764D+01  0.91117969055082D+00 -0.23817102741382D-03 -0.88983346463959D-03 -0.55307951377130D-03
  0.11838478892595D+01 -0.11582184981565D+01 -0.23133137475605D+00  0.67177959572745D-03  0.38100673771280D-03  0.36051476539902D-04
  0.20651017172270D+01  0.28533821477413D+01  0.23215918585625D+01 -0.21605320328322D-03  0.28551397817717D-04 -0.43515315680069D-02
 -0.10717735042336D+01  0.73890254098086D+00 -0.24921190877189D+01  0.38119986674181D-02  0.23997705166087D-02  0.16735058610155D-02
 -0.24809956697924D+01 -0.32877098378638D+01 -0.13407180885479D+01 -0.16401838401601D-02 -0.16383133446792D-02 -0.99265402355909D-03
 -0.29681942345060D+01  0.24913042045087D+01  0.75216289053356D+00 -0.32572550437787D-02  0.30474720459925D-02 -0.90705935882197D-03
  0.19539871952446D+01  0.34319246910982D+01  0.42546445474193D-01  0.16221188910392D-02 -0.91460571760254D-03  0.21197894402261D-02
  0.30931991702407D+01 -0.21971963220121D+01 -0.65781601349354D+00  0.14322907120458D-02  0.29339999941522D-03  0.15947775527901D-02
