$coord
       -1.61069202311134        0.93701518953165        0.13707671278963      C
       -1.11002353921700       -1.53359694736526       -0.79891470925606      C
        1.07500558846147        1.76060230816540        0.51960952536998      C
        1.20346533409884       -1.33369552046449        0.20282846202271      C
        2.85124264330951        1.73752121515591        1.87286810017514      H
       -2.10261074983123        2.90477389112416       -0.19349995934058      H
       -1.74332521206063       -3.44529937702251       -1.96296456383259      H
       -2.61547473068958        0.58678486218337        1.60522536572118      H
        2.05556132068112        2.74364747440560       -0.91091054281015      H
        2.25850128348244       -1.98661856484067       -0.88524519070028      H
$end
