 -1.0
 -0.11775202542427D+01  0.17241002268064D+01  0.68816251607793D-01 -0.85660904627120D-03 -0.22476868055408D-03 -0.41348908962103D-03
 -0.19294863576444D+01 -0.12984670194471D+01  0.23853839191000D+00  0.95074925298689D-03  0.37929507502450D-03 -0.25166759058093D-03
  0.13529440171611D+01  0.10830121307618D+01 -0.25776654332463D+00 -0.26730769889323D-03  0.15137966896830D-03 -0.81421452276766D-04
  0.15926793174779D+01 -0.15652287466803D+01 -0.58114984791230D-01 -0.85817453496136D-04 -0.34734710334068D-03  0.18283542089784D-04
 -0.73867250977305D+00  0.31161059068443D+01  0.14835616413808D+01  0.51089084614661D-02 -0.59371311038055D-03 -0.12105333514250D-02
 -0.14227530617816D+01  0.31096299258485D+01 -0.18559490661031D+01  0.68034978267726D-03  0.27444360297183D-02  0.37812118364621D-02
 -0.25698415438045D+01 -0.27724502404083D+01 -0.64632297967988D+00 -0.17311536810316D-02 -0.16634528992846D-02 -0.56829055218373D-03
 -0.24886402862838D+01 -0.13538755149467D+01  0.22541610401990D+01 -0.63666280235944D-03 -0.10762139828262D-02  0.38234192902969D-02
  0.28796401437922D+01  0.22127231920199D+01 -0.11399495844035D+01  0.13027252933639D-02  0.13943959710262D-02  0.33516239372519D-03
  0.26120022528279D+01 -0.29456054200360D+01  0.94904195225721D+00 -0.16135672695539D-02 -0.30771462256927D-03  0.25863843656848D-02
