$coord
       -1.21159779444069        1.73249028220394        0.23081709145101      C
       -1.66865617132962       -1.49263894323359       -0.19332833530311      C
        1.56929251913149        1.02076506436843       -0.48397599467307      C
        1.34713304007603       -1.46693117627369        0.40220917038655      C
       -1.78369995051533        2.18465839841585        2.04722092132751      H
       -2.00638620036697        3.17638629383914       -1.05843018237429      H
       -2.97157575627597        0.30297601759295       -0.88846336527716      H
       -2.47032608389687       -2.34799588707776        1.74727437425959      H
        2.28161603601035        2.73218694811636       -1.02324279470596      H
        2.84932757246274       -2.88330004810178        0.64958207403889      H
$end
