$hessian                                                                        
        0.5002433798   0.0681658484   0.1027485022  -0.0218029445  -0.0047057446
        0.0186219833  -0.1970998050   0.0064291414  -0.0172188127  -0.0487420743
       -0.0099798343  -0.0225949601  -0.0627891204   0.0291136952   0.0190380160
       -0.0167777391  -0.0161066446  -0.0100909507   0.0007756669  -0.0058672760
       -0.0129485765  -0.1348328061  -0.0806695848  -0.1018966130  -0.0005379264
        0.0062237222   0.0110762315  -0.0080791702  -0.0019907612   0.0001391423
       -0.0020659562  -0.0023943552  -0.0033767638  -0.0042276954   0.0142093839
        0.0193420153  -0.0012910414  -0.0014891312  -0.0024444539   0.0010069830
        0.0005021453  -0.0003518258  -0.0037797506  -0.0014406044  -0.0000429342
        0.0681658484   0.3664926487   0.1990818027  -0.0047066129  -0.0288712426
       -0.0186597076  -0.0062255348  -0.0553218867  -0.0111217641   0.0100591193
        0.0081179381   0.0082854209   0.0281678556  -0.1657105637  -0.0734543823
       -0.0213665770  -0.0013722394  -0.0056881442  -0.0061187891  -0.0226053826
       -0.0174355720  -0.0800164209  -0.0921816357  -0.0897073483   0.0014179026
        0.0020264742   0.0120772647   0.0116124074  -0.0009775453   0.0032275746
       -0.0000676839   0.0009573277   0.0017948542   0.0017863404  -0.0059091932
       -0.0048871254  -0.0003350697  -0.0026914478  -0.0036278549   0.0009794157
        0.0010340864   0.0000503990  -0.0033522010  -0.0029873380   0.0000645830
        0.1027485022   0.1990818027   0.5534528345  -0.0186293751   0.0186545818
       -0.2420920791   0.0172080724  -0.0111464811  -0.0325670943  -0.0226058104
       -0.0082556994  -0.0427333071   0.0225699850  -0.1016334507  -0.0701561321
       -0.0025033433   0.0014099453  -0.0019494105  -0.0023203835  -0.0042486057
       -0.0033170072  -0.1024590136  -0.0889786888  -0.1474140577  -0.0003692949
       -0.0030583005  -0.0113150877   0.0123627468   0.0011080780   0.0010273518
       -0.0039816616  -0.0015367665  -0.0025688381  -0.0007087787   0.0002470443
       -0.0009752335   0.0000752585   0.0002905017  -0.0001924218  -0.0003042213
       -0.0000622503   0.0006726876  -0.0010826825  -0.0018717109   0.0001277951
       -0.0218029445  -0.0047066129  -0.0186293751   0.5002365244   0.0681544545
       -0.1027508780  -0.0487470129  -0.0099802705   0.0225986014  -0.1970989508
        0.0064276077   0.0172197196  -0.0627902989   0.0291176243  -0.0190394699
       -0.0167759789  -0.0161055870   0.0100924254   0.0007766370  -0.0058671291
        0.0129485501  -0.0005386078   0.0062234632  -0.0110767936  -0.1348227130
       -0.0806609393   0.1019025818  -0.0020662105  -0.0023940098   0.0033766506
       -0.0080783359  -0.0019909040  -0.0001388976  -0.0042289371   0.0142097740
       -0.0193420106  -0.0012907790  -0.0014891271   0.0024439761  -0.0037797486
       -0.0014404948   0.0000431482   0.0010073564   0.0005021508   0.0003517717
       -0.0047057446  -0.0288712426   0.0186545818   0.0681544545   0.3664751220
       -0.1990758700   0.0100622390   0.0081201948  -0.0082900774  -0.0062292748
       -0.0553207491   0.0111240821   0.0281699442  -0.1657074640   0.0734532791
       -0.0213657897  -0.0013720973   0.0056880907  -0.0061180273  -0.0226051782
        0.0174363300   0.0014173398   0.0020264220  -0.0120776457  -0.0800081022
       -0.0921700152   0.0897099600  -0.0000677645   0.0009569042  -0.0017947936
        0.0116112038  -0.0009777364  -0.0032278118   0.0017869471  -0.0059094959
        0.0048876377  -0.0003347199  -0.0026913389   0.0036278061  -0.0033521835
       -0.0029875050  -0.0000647660   0.0009794781   0.0010341796  -0.0000508029
        0.0186219833  -0.0186597076  -0.2420920791  -0.1027508780  -0.1990758700
        0.5534907742   0.0226092535   0.0082552815  -0.0427400335  -0.0172070610
        0.0111463130  -0.0325684176  -0.0225715750   0.1016338652  -0.0701601558
        0.0025052778  -0.0014102416  -0.0019495428   0.0023203456   0.0042494470
       -0.0033180206   0.0003689171   0.0030576100  -0.0113151216   0.1024639832
        0.0889790316  -0.1474387651   0.0039817926   0.0015365531  -0.0025694937
       -0.0123626366  -0.0011086323   0.0010271792   0.0007087571  -0.0002474364
       -0.0009743391  -0.0000752284  -0.0002903612  -0.0001927824   0.0010828770
        0.0018721208   0.0001278982   0.0003041918   0.0000620270   0.0006728997
       -0.1970998050  -0.0062255348   0.0172080724  -0.0487470129   0.0100622390
        0.0226092535   0.5000506564  -0.0683539536  -0.1024703985  -0.0217912167
        0.0046954604  -0.0186547058  -0.0167219645   0.0161282438   0.0100801793
       -0.0628733934  -0.0292671291  -0.0191406490   0.0007936973   0.0058340219
        0.0129228983  -0.0080939650   0.0020009316  -0.0001332004  -0.0020617203
        0.0023985176   0.0033800330  -0.1345990188   0.0807338175   0.1017722775
       -0.0005483925  -0.0062202594  -0.0110593865  -0.0012881576   0.0014871271
        0.0024402803  -0.0042521180  -0.0142129655  -0.0193497619   0.0010045303
       -0.0005020959   0.0003519003  -0.0037721194   0.0014415796   0.0000432075
        0.0064291414  -0.0553218867  -0.0111464811  -0.0099802705   0.0081201948
        0.0082552815  -0.0683539536   0.3666975172   0.1992434906   0.0046963635
       -0.0288904827  -0.0186404650   0.0213877549  -0.0014258495  -0.0057058363
       -0.0283185507  -0.1656302823  -0.0734218195   0.0060840970  -0.0226224393
       -0.0174542384  -0.0116019504  -0.0009642074   0.0032289859   0.0000724496
        0.0009541300   0.0017907810   0.0800811635  -0.0924167859  -0.0898644314
       -0.0014136176   0.0020385755   0.0120929273   0.0003326456  -0.0026939250
       -0.0036312008  -0.0017892420  -0.0058864884  -0.0048603773  -0.0009795197
        0.0010358701   0.0000494622   0.0033534891  -0.0029939404   0.0000639213
       -0.0172188127  -0.0111217641  -0.0325670943   0.0225986014  -0.0082900774
       -0.0427400335  -0.1024703985   0.1992434906   0.5533988285   0.0186480562
        0.0186252199  -0.2420247160   0.0025065458   0.0014064327  -0.0019499317
       -0.0227155528  -0.1016004949  -0.0701527669   0.0023138703  -0.0042522519
       -0.0033173451  -0.0123609963   0.0011261090   0.0010274895   0.0039798049
       -0.0015427491  -0.0025695425   0.1023356407  -0.0891356478  -0.1474250443
        0.0003648222  -0.0030590828  -0.0113142859  -0.0000747688   0.0002904712
       -0.0001924647   0.0007090327   0.0002463435  -0.0009741386   0.0003040858
       -0.0000625573   0.0006729578   0.0010800691  -0.0018734415   0.0001280877
       -0.0487420743   0.0100591193  -0.0226058104  -0.1970989508  -0.0062292748
       -0.0172070610  -0.0217912167   0.0046963635   0.0186480562   0.5000512581
       -0.0683506616   0.1024703325  -0.0167233052   0.0161287729  -0.0100799970
       -0.0628722310  -0.0292606495   0.0191416107   0.0007922609   0.0058334470
       -0.0129235573  -0.0020615089   0.0023985550  -0.0033803392  -0.0080947943
        0.0020009777   0.0001333863  -0.0005477935  -0.0062190980   0.0110589512
       -0.1346047498   0.0807268676  -0.1017707871  -0.0012883544   0.0014870059
       -0.0024407369  -0.0042506271  -0.0142110376   0.0193510696  -0.0037722080
        0.0014417063  -0.0000431566   0.0010042951  -0.0005020939  -0.0003519610
       -0.0099798343   0.0081179381  -0.0082556994   0.0064276077  -0.0553207491
        0.0111463130   0.0046954604  -0.0288904827   0.0186252199  -0.0683506616
        0.3666736910  -0.1992266472   0.0213882682  -0.0014252733   0.0057058293
       -0.0283144515  -0.1656173634   0.0734307557   0.0060854471  -0.0226228504
        0.0174561569   0.0000720495   0.0009543518  -0.0017911527  -0.0116019154
       -0.0009644748  -0.0032284705  -0.0014139878   0.0020379811  -0.0120939673
        0.0800736430  -0.0924050697   0.0898524978   0.0003329684  -0.0026937806
        0.0036313700  -0.0017887064  -0.0058857919   0.0048604507   0.0033537400
       -0.0029940312  -0.0000635408  -0.0009796274   0.0010359053  -0.0000491155
       -0.0225949601   0.0082854209  -0.0427333071   0.0172197196   0.0111240821
       -0.0325684176  -0.0186547058  -0.0186404650  -0.2420247160   0.1024703325
       -0.1992266472   0.5534033389  -0.0025066542  -0.0014062760  -0.0019502098
        0.0227164679   0.1016093286  -0.0701665869  -0.0023144087   0.0042535036
       -0.0033180334  -0.0039796239   0.0015425097  -0.0025689109   0.0123624330
       -0.0011252969   0.0010281218  -0.0003648352   0.0030585648  -0.0113142106
       -0.1023354862   0.0891250799  -0.1474198061   0.0000747782  -0.0002903836
       -0.0001924730  -0.0007088791  -0.0002455083  -0.0009754050  -0.0010801579
        0.0018733868   0.0001278324  -0.0003040204   0.0000627006   0.0006727832
       -0.0627891204   0.0281678556   0.0225699850  -0.0627902989   0.0281699442
       -0.0225715750  -0.0167219645   0.0213877549   0.0025065458  -0.0167233052
        0.0213882682  -0.0025066542   0.6355088448  -0.0729294175  -0.0000101585
       -0.0428486447  -0.0024727215   0.0000009654  -0.1481121050  -0.0724157005
        0.0000029188   0.0034697074  -0.0146488309  -0.0006866783   0.0034697797
       -0.0146485071   0.0006869043  -0.0037974404   0.0006955630  -0.0007675899
       -0.0037973081   0.0006957134   0.0007677433  -0.2763524546   0.0782788313
        0.0000075491  -0.0048705398   0.0037125715  -0.0000000829  -0.0018222759
       -0.0026905038   0.0014908011  -0.0018228744  -0.0026908208  -0.0014906741
        0.0291136952  -0.1657105637  -0.1016334507   0.0291176243  -0.1657074640
        0.1016338652   0.0161282438  -0.0014258495   0.0014064327   0.0161287729
       -0.0014252733  -0.0014062760  -0.0729294175   0.5621237340  -0.0000012549
        0.0025437498   0.0064431376  -0.0000000109  -0.0730816958  -0.1178483313
        0.0000020314   0.0036432039  -0.0099705165  -0.0024204721   0.0036432189
       -0.0099702540   0.0024205343  -0.0001569675  -0.0017597050   0.0012201760
       -0.0001568405  -0.0017597557  -0.0012200844   0.0786089241  -0.0641689713
       -0.0000028001   0.0009153579  -0.0021044555   0.0000000182  -0.0167588897
       -0.0133578086   0.0027387988  -0.0167589797  -0.0133579230  -0.0027375074
        0.0190380160  -0.0734543823  -0.0701561321  -0.0190394699   0.0734532791
       -0.0701601558   0.0100801793  -0.0057058363  -0.0019499317  -0.0100799970
        0.0057058293  -0.0019502098  -0.0000101585  -0.0000012549   0.2464890499
        0.0000009876  -0.0000000133   0.0029568694   0.0000028460   0.0000021667
       -0.0588856404   0.0039274203  -0.0134393327  -0.0062643695  -0.0039281191
        0.0134413889  -0.0062645388   0.0011213307  -0.0002596310  -0.0004142977
       -0.0011213176   0.0002596469  -0.0004142368   0.0000072938  -0.0000026070
       -0.0306038273   0.0000001462  -0.0000000920  -0.0010665058   0.0192510648
        0.0146432208  -0.0006588380  -0.0192502225  -0.0146423822  -0.0006572357
       -0.0167777391  -0.0213665770  -0.0025033433  -0.0167759789  -0.0213657897
        0.0025052778  -0.0628733934  -0.0283185507  -0.0227155528  -0.0628722310
       -0.0283144515   0.0227164679  -0.0428486447   0.0025437498   0.0000009876
        0.6357184971   0.0728256273  -0.0000145928  -0.1479018621   0.0724581143
        0.0000008737  -0.0037982092  -0.0006927408   0.0007695984  -0.0037981558
       -0.0006926833  -0.0007692259   0.0034855066   0.0146292361   0.0006828174
        0.0034855172   0.0146294668  -0.0006842699  -0.0048771705  -0.0037085709
        0.0000002188  -0.2765771585  -0.0779746512   0.0000107972  -0.0017950658
        0.0026742681  -0.0014867433  -0.0017939118   0.0026735527   0.0014866893
       -0.0161066446  -0.0013722394   0.0014099453  -0.0161055870  -0.0013720973
       -0.0014102416  -0.0292671291  -0.1656302823  -0.1016004949  -0.0292606495
       -0.1656173634   0.1016093286  -0.0024727215   0.0064431376  -0.0000000133
        0.0728256273   0.5619099642  -0.0000113919   0.0731241399  -0.1180569287
       -0.0000012719   0.0001598319  -0.0017589721   0.0012190706   0.0001600562
       -0.0017589085  -0.0012189409  -0.0036626859  -0.0099866895  -0.0024210730
       -0.0036622831  -0.0099855678   0.0024216341  -0.0009113830  -0.0020978792
       -0.0000000554  -0.0783047105  -0.0639447233   0.0000038684   0.0167418729
       -0.0133854831   0.0027400368   0.0167422661  -0.0133859674  -0.0027404008
       -0.0100909507  -0.0056881442  -0.0019494105   0.0100924254   0.0056880907
       -0.0019495428  -0.0191406490  -0.0734218195  -0.0701527669   0.0191416107
        0.0734307557  -0.0701665869   0.0000009654  -0.0000000109   0.0029568694
       -0.0000145928  -0.0000113919   0.2464946967   0.0000010183  -0.0000012089
       -0.0588842809  -0.0011216236  -0.0002588852  -0.0004145192   0.0011216954
        0.0002589723  -0.0004145439  -0.0039471407  -0.0134351549  -0.0062642427
        0.0039469117   0.0134342257  -0.0062657229   0.0000001488   0.0000001106
       -0.0010669298   0.0000108882   0.0000038380  -0.0306049277  -0.0192298956
        0.0146708698  -0.0006588862   0.0192291887  -0.0146702473  -0.0006592056
        0.0007756669  -0.0061187891  -0.0023203835   0.0007766370  -0.0061180273
        0.0023203456   0.0007936973   0.0060840970   0.0023138703   0.0007922609
        0.0060854471  -0.0023144087  -0.1481121050  -0.0730816958   0.0000028460
       -0.1479018621   0.0731241399   0.0000010183   0.4032671885   0.0001076097
        0.0000037870  -0.0002053183  -0.0003995903   0.0006716319  -0.0002055428
       -0.0003994156  -0.0006717329  -0.0002053244   0.0003967209  -0.0006704914
       -0.0002053498   0.0003971033   0.0006705951  -0.0167678878  -0.0167099675
        0.0000004797  -0.0167537707   0.0167434788   0.0000001353  -0.0380238732
       -0.0000529264   0.0000731107  -0.0380244166  -0.0000581846  -0.0000808036
       -0.0058672760  -0.0226053826  -0.0042486057  -0.0058671291  -0.0226051782
        0.0042494470   0.0058340219  -0.0226224393  -0.0042522519   0.0058334470
       -0.0226228504   0.0042535036  -0.0724157005  -0.1178483313   0.0000021667
        0.0724581143  -0.1180569287  -0.0000012089   0.0001076097   0.5516951744
       -0.0000001692   0.0003220873  -0.0020159549   0.0008088113   0.0003220110
       -0.0020159790  -0.0008088020  -0.0003247319  -0.0020161582   0.0008098249
       -0.0003246706  -0.0020162171  -0.0008097702   0.0068266330   0.0064833415
       -0.0000001631  -0.0067932407   0.0064691342   0.0000000064  -0.0000529946
       -0.1151065157   0.1067857269  -0.0000581808  -0.1151157149  -0.1067885158
       -0.0129485765  -0.0174355720  -0.0033170072   0.0129485501   0.0174363300
       -0.0033180206   0.0129228983  -0.0174542384  -0.0033173451  -0.0129235573
        0.0174561569  -0.0033180334   0.0000029188   0.0000020314  -0.0588856404
        0.0000008737  -0.0000012719  -0.0588842809   0.0000037870  -0.0000001692
        0.5322370331   0.0010847843  -0.0043397710   0.0003752541  -0.0010848103
        0.0043397873   0.0003751434  -0.0010912608  -0.0043381019   0.0003751739
        0.0010911824   0.0043383499   0.0003749265   0.0000003154   0.0000003984
       -0.0007994803   0.0000005910  -0.0000006825  -0.0007996227   0.0000729306
        0.1064782586  -0.2005542293  -0.0000806268  -0.1064815055  -0.2005438712
       -0.1348328061  -0.0800164209  -0.1024590136  -0.0005386078   0.0014173398
        0.0003689171  -0.0080939650  -0.0116019504  -0.0123609963  -0.0020615089
        0.0000720495  -0.0039796239   0.0034697074   0.0036432039   0.0039274203
       -0.0037982092   0.0001598319  -0.0011216236  -0.0002053183   0.0003220873
        0.0010847843   0.1450580733   0.0860849840   0.1157640009   0.0005088975
        0.0003882103   0.0001333366   0.0002227921   0.0000164719  -0.0000702287
       -0.0003997273  -0.0004603311  -0.0004858817   0.0004017556   0.0000182868
        0.0000297930   0.0000616493  -0.0002418059  -0.0009448895  -0.0000915910
       -0.0000991958  -0.0000082649   0.0002988584   0.0002972388   0.0001222699
       -0.0806695848  -0.0921816357  -0.0889786888   0.0062234632   0.0020264220
        0.0030576100   0.0020009316  -0.0009642074   0.0011261090   0.0023985550
        0.0009543518   0.0015425097  -0.0146488309  -0.0099705165  -0.0134393327
       -0.0006927408  -0.0017589721  -0.0002588852  -0.0003995903  -0.0020159549
       -0.0043397710   0.0860849840   0.1035057016   0.1007717484   0.0003881478
        0.0006491787  -0.0002614004  -0.0000165087   0.0001312907   0.0000144153
        0.0004608275   0.0000343478   0.0002813362  -0.0001897938   0.0004128828
        0.0006976568   0.0000179573  -0.0000750155  -0.0002098179   0.0001051476
        0.0001334494  -0.0000252844  -0.0010629646  -0.0008813226   0.0000217951
       -0.1018966130  -0.0897073483  -0.1474140577  -0.0110767936  -0.0120776457
       -0.0113151216  -0.0001332004   0.0032289859   0.0010274895  -0.0033803392
       -0.0017911527  -0.0025689109  -0.0006866783  -0.0024204721  -0.0062643695
        0.0007695984   0.0012190706  -0.0004145192   0.0006716319   0.0008088113
        0.0003752541   0.1157640009   0.1007717484   0.1645682330  -0.0001334136
        0.0002613032   0.0007597256   0.0000702738   0.0000142355   0.0005352054
       -0.0004863440  -0.0002806017  -0.0001211876   0.0002666635  -0.0003702638
        0.0002822399   0.0001970915   0.0002368144   0.0003861715  -0.0000212103
       -0.0000479521   0.0000247974   0.0000753325   0.0001544672   0.0001390501
       -0.0005379264   0.0014179026  -0.0003692949  -0.1348227130  -0.0800081022
        0.1024639832  -0.0020617203   0.0000724496   0.0039798049  -0.0080947943
       -0.0116019154   0.0123624330   0.0034697797   0.0036432189  -0.0039281191
       -0.0037981558   0.0001600562   0.0011216954  -0.0002055428   0.0003220110
       -0.0010848103   0.0005088975   0.0003881478  -0.0001334136   0.1450486305
        0.0860754270  -0.1157695874  -0.0003997855  -0.0004602246   0.0004859515
        0.0002227305   0.0000164665   0.0000703057   0.0004017092   0.0000182431
       -0.0000298155   0.0000617404  -0.0002417174   0.0009449354   0.0002987570
        0.0002972254  -0.0001223201  -0.0000916069  -0.0000991884   0.0000082519
        0.0062237222   0.0020264742  -0.0030583005  -0.0806609393  -0.0921700152
        0.0889790316   0.0023985176   0.0009541300  -0.0015427491   0.0020009777
       -0.0009644748  -0.0011252969  -0.0146485071  -0.0099702540   0.0134413889
       -0.0006926833  -0.0017589085   0.0002589723  -0.0003994156  -0.0020159790
        0.0043397873   0.0003882103   0.0006491787   0.0002613032   0.0860754270
        0.1034945236  -0.1007741609   0.0004607755   0.0000341302  -0.0002812621
       -0.0000164981   0.0001312496  -0.0000144737  -0.0001898292   0.0004128964
       -0.0006976991   0.0000179762  -0.0000750186   0.0002098518  -0.0010628831
       -0.0008813583  -0.0000217318   0.0001051492   0.0001334257   0.0000253389
        0.0110762315   0.0120772647  -0.0113150877   0.1019025818   0.0897099600
       -0.1474387651   0.0033800330   0.0017907810  -0.0025695425   0.0001333863
       -0.0032284705   0.0010281218   0.0006869043   0.0024205343  -0.0062645388
       -0.0007692259  -0.0012189409  -0.0004145439  -0.0006717329  -0.0008088020
        0.0003751434   0.0001333366  -0.0002614004   0.0007597256  -0.1157695874
       -0.1007741609   0.1645934582   0.0004862614   0.0002804538  -0.0001211745
       -0.0000702406  -0.0000142025   0.0005352002  -0.0002667366   0.0003702113
        0.0002822993  -0.0001970493  -0.0002367202   0.0003860139  -0.0000753807
       -0.0001545054   0.0001389421   0.0000212186   0.0000479978   0.0000247480
       -0.0080791702   0.0116124074   0.0123627468  -0.0020662105  -0.0000677645
        0.0039817926  -0.1345990188   0.0800811635   0.1023356407  -0.0005477935
       -0.0014139878  -0.0003648352  -0.0037974404  -0.0001569675   0.0011213307
        0.0034855066  -0.0036626859  -0.0039471407  -0.0002053244  -0.0003247319
       -0.0010912608   0.0002227921  -0.0000165087   0.0000702738  -0.0003997855
        0.0004607755   0.0004862614   0.1448064304  -0.0861476047  -0.1156231674
        0.0005077410  -0.0003880155  -0.0001336749   0.0000620566   0.0002415617
        0.0009446030   0.0004019501  -0.0000182241  -0.0000286747  -0.0000916052
        0.0000995134   0.0000082907   0.0002998719  -0.0002989308  -0.0001221861
       -0.0019907612  -0.0009775453   0.0011080780  -0.0023940098   0.0009569042
        0.0015365531   0.0807338175  -0.0924167859  -0.0891356478  -0.0062190980
        0.0020379811   0.0030585648   0.0006955630  -0.0017597050  -0.0002596310
        0.0146292361  -0.0099866895  -0.0134351549   0.0003967209  -0.0020161582
       -0.0043381019   0.0000164719   0.0001312907   0.0000142355  -0.0004602246
        0.0000341302   0.0002804538  -0.0861476047   0.1037581012   0.1009484820
       -0.0003880653   0.0006501726  -0.0002611108  -0.0000181799  -0.0000753534
       -0.0002112964   0.0001898124   0.0004126260   0.0006978249  -0.0001048117
        0.0001334762  -0.0000252431   0.0010611334  -0.0008824448   0.0000219937
        0.0001391423   0.0032275746   0.0010273518   0.0033766506  -0.0017947936
       -0.0025694937   0.1017722775  -0.0898644314  -0.1474250443   0.0110589512
       -0.0120939673  -0.0113142106  -0.0007675899   0.0012201760  -0.0004142977
        0.0006828174  -0.0024210730  -0.0062642427  -0.0006704914   0.0008098249
        0.0003751739  -0.0000702287   0.0000144153   0.0005352054   0.0004859515
       -0.0002812621  -0.0001211745  -0.1156231674   0.1009484820   0.1645787392
        0.0001337147   0.0002611871   0.0007598074  -0.0001967217   0.0002370399
        0.0003860437  -0.0002672537  -0.0003697956   0.0002823079   0.0000211570
       -0.0000480291   0.0000247821  -0.0000752095   0.0001546521   0.0001390521
       -0.0020659562  -0.0000676839  -0.0039816616  -0.0080783359   0.0116112038
       -0.0123626366  -0.0005483925  -0.0014136176   0.0003648222  -0.1346047498
        0.0800736430  -0.1023354862  -0.0037973081  -0.0001568405  -0.0011213176
        0.0034855172  -0.0036622831   0.0039469117  -0.0002053498  -0.0003246706
        0.0010911824  -0.0003997273   0.0004608275  -0.0004863440   0.0002227305
       -0.0000164981  -0.0000702406   0.0005077410  -0.0003880653   0.0001337147
        0.1448115154  -0.0861399293   0.1156231191   0.0000619747   0.0002415779
       -0.0009446665   0.0004020003  -0.0000182670   0.0000287565   0.0002999175
       -0.0002989244   0.0001221600  -0.0000915769   0.0000995276  -0.0000083134
       -0.0023943552   0.0009573277  -0.0015367665  -0.0019909040  -0.0009777364
       -0.0011086323  -0.0062202594   0.0020385755  -0.0030590828   0.0807268676
       -0.0924050697   0.0891250799   0.0006957134  -0.0017597557   0.0002596469
        0.0146294668  -0.0099855678   0.0134342257   0.0003971033  -0.0020162171
        0.0043383499  -0.0004603311   0.0000343478  -0.0002806017   0.0000164665
        0.0001312496  -0.0000142025  -0.0003880155   0.0006501726   0.0002611871
       -0.0861399293   0.1037444296  -0.1009361626  -0.0000181288  -0.0000753251
        0.0002113277   0.0001898062   0.0004125721  -0.0006977714   0.0010612159
       -0.0008824488  -0.0000219565  -0.0001047162   0.0001334456   0.0000253591
       -0.0033767638   0.0017948542  -0.0025688381  -0.0001388976  -0.0032278118
        0.0010271792  -0.0110593865   0.0120929273  -0.0113142859  -0.1017707871
        0.0898524978  -0.1474198061   0.0007677433  -0.0012200844  -0.0004142368
       -0.0006842699   0.0024216341  -0.0062657229   0.0006705951  -0.0008097702
        0.0003749265  -0.0004858817   0.0002813362  -0.0001211876   0.0000703057
       -0.0000144737   0.0005352002  -0.0001336749  -0.0002611108   0.0007598074
        0.1156231191  -0.1009361626   0.1645744533   0.0001967621  -0.0002370948
        0.0003861709   0.0002671881   0.0003698334   0.0002823217   0.0000750836
       -0.0001545399   0.0001391110  -0.0000211355   0.0000479652   0.0000249071
       -0.0042276954   0.0017863404  -0.0007087787  -0.0042289371   0.0017869471
        0.0007087571  -0.0012881576   0.0003326456  -0.0000747688  -0.0012883544
        0.0003329684   0.0000747782  -0.2763524546   0.0786089241   0.0000072938
       -0.0048771705  -0.0009113830   0.0000001488  -0.0167678878   0.0068266330
        0.0000003154   0.0004017556  -0.0001897938   0.0002666635   0.0004017092
       -0.0001898292  -0.0002667366   0.0000620566  -0.0000181799  -0.0001967217
        0.0000619747  -0.0000181288   0.0001967621   0.3089868807  -0.0889891938
       -0.0000077625  -0.0008445724   0.0008065518   0.0000000280  -0.0000195403
       -0.0000822421   0.0001919710  -0.0000196066  -0.0000822599  -0.0001919497
        0.0142093839  -0.0059091932   0.0002470443   0.0142097740  -0.0059094959
       -0.0002474364   0.0014871271  -0.0026939250   0.0002904712   0.0014870059
       -0.0026937806  -0.0002903836   0.0782788313  -0.0641689713  -0.0000026070
       -0.0037085709  -0.0020978792   0.0000001106  -0.0167099675   0.0064833415
        0.0000003984   0.0000182868   0.0004128828  -0.0003702638   0.0000182431
        0.0004128964   0.0003702113   0.0002415617  -0.0000753534   0.0002370399
        0.0002415779  -0.0000753251  -0.0002370948  -0.0889891938   0.0754286191
        0.0000023760  -0.0008044618   0.0006007224   0.0000000234   0.0000102360
        0.0001427515  -0.0000353065   0.0000101662   0.0001427099   0.0000354170
        0.0193420153  -0.0048871254  -0.0009752335  -0.0193420106   0.0048876377
       -0.0009743391   0.0024402803  -0.0036312008  -0.0001924647  -0.0024407369
        0.0036313700  -0.0001924730   0.0000075491  -0.0000028001  -0.0306038273
        0.0000002188  -0.0000000554  -0.0010669298   0.0000004797  -0.0000001631
       -0.0007994803   0.0000297930   0.0006976568   0.0002822399  -0.0000298155
       -0.0006976991   0.0002822993   0.0009446030  -0.0002112964   0.0003860437
       -0.0009446665   0.0002113277   0.0003861709  -0.0000077625   0.0000023760
        0.0331046187   0.0000000595  -0.0000000363   0.0003517729   0.0000503392
        0.0000441556   0.0000057966  -0.0000503460  -0.0000441471   0.0000058055
       -0.0012910414  -0.0003350697   0.0000752585  -0.0012907790  -0.0003347199
       -0.0000752284  -0.0042521180  -0.0017892420   0.0007090327  -0.0042506271
       -0.0017887064  -0.0007088791  -0.0048705398   0.0009153579   0.0000001462
       -0.2765771585  -0.0783047105   0.0000108882  -0.0167537707  -0.0067932407
        0.0000005910   0.0000616493   0.0000179573   0.0001970915   0.0000617404
        0.0000179762  -0.0001970493   0.0004019501   0.0001898124  -0.0002672537
        0.0004020003   0.0001898062   0.0002671881  -0.0008445724  -0.0008044618
        0.0000000595   0.3092421815   0.0886542878  -0.0000118536  -0.0000194540
        0.0000824771  -0.0001920078  -0.0000194608   0.0000824761   0.0001920163
       -0.0014891312  -0.0026914478   0.0002905017  -0.0014891271  -0.0026913389
       -0.0002903612  -0.0142129655  -0.0058864884   0.0002463435  -0.0142110376
       -0.0058857919  -0.0002455083   0.0037125715  -0.0021044555  -0.0000000920
       -0.0779746512  -0.0639447233   0.0000038380   0.0167434788   0.0064691342
       -0.0000006825  -0.0002418059  -0.0000750155   0.0002368144  -0.0002417174
       -0.0000750186  -0.0002367202  -0.0000182241   0.0004126260  -0.0003697956
       -0.0000182670   0.0004125721   0.0003698334   0.0008065518   0.0006007224
       -0.0000000363   0.0886542878   0.0751739640  -0.0000040152  -0.0000100127
        0.0001426188  -0.0000351431  -0.0000099502   0.0001426423   0.0000350236
       -0.0024444539  -0.0036278549  -0.0001924218   0.0024439761   0.0036278061
       -0.0001927824  -0.0193497619  -0.0048603773  -0.0009741386   0.0193510696
        0.0048604507  -0.0009754050  -0.0000000829   0.0000000182  -0.0010665058
        0.0000107972   0.0000038684  -0.0306049277   0.0000001353   0.0000000064
       -0.0007996227  -0.0009448895  -0.0002098179   0.0003861715   0.0009449354
        0.0002098518   0.0003860139  -0.0000286747   0.0006978249   0.0002823079
        0.0000287565  -0.0006977714   0.0002823217   0.0000000280   0.0000000234
        0.0003517729  -0.0000118536  -0.0000040152   0.0331053541  -0.0000502400
        0.0000442106   0.0000059619   0.0000502585  -0.0000442238   0.0000059001
        0.0010069830   0.0009794157  -0.0003042213  -0.0037797486  -0.0033521835
        0.0010828770   0.0010045303  -0.0009795197   0.0003040858  -0.0037722080
        0.0033537400  -0.0010801579  -0.0018222759  -0.0167588897   0.0192510648
       -0.0017950658   0.0167418729  -0.0192298956  -0.0380238732  -0.0000529946
        0.0000729306  -0.0000915910   0.0001051476  -0.0000212103   0.0002987570
       -0.0010628831  -0.0000753807  -0.0000916052  -0.0001048117   0.0000211570
        0.0002999175   0.0010612159   0.0000750836  -0.0000195403   0.0000102360
        0.0000503392  -0.0000194540  -0.0000100127  -0.0000502400   0.0453197996
        0.0000641048  -0.0000860497   0.0014853747   0.0000055621  -0.0000103826
        0.0005021453   0.0010340864  -0.0000622503  -0.0014404948  -0.0029875050
        0.0018721208  -0.0005020959   0.0010358701  -0.0000625573   0.0014417063
       -0.0029940312   0.0018733868  -0.0026905038  -0.0133578086   0.0146432208
        0.0026742681  -0.0133854831   0.0146708698  -0.0000529264  -0.1151065157
        0.1064782586  -0.0000991958   0.0001334494  -0.0000479521   0.0002972254
       -0.0008813583  -0.0001545054   0.0000995134   0.0001334762  -0.0000480291
       -0.0002989244  -0.0008824488  -0.0001545399  -0.0000822421   0.0001427515
        0.0000441556   0.0000824771   0.0001426188   0.0000442106   0.0000641048
        0.1381848890  -0.1255832126   0.0000049428   0.0087880092  -0.0135131764
       -0.0003518258   0.0000503990   0.0006726876   0.0000431482  -0.0000647660
        0.0001278982   0.0003519003   0.0000494622   0.0006729578  -0.0000431566
       -0.0000635408   0.0001278324   0.0014908011   0.0027387988  -0.0006588380
       -0.0014867433   0.0027400368  -0.0006588862   0.0000731107   0.1067857269
       -0.2005542293  -0.0000082649  -0.0000252844   0.0000247974  -0.0001223201
       -0.0000217318   0.0001389421   0.0000082907  -0.0000252431   0.0000247821
        0.0001221600  -0.0000219565   0.0001391110   0.0001919710  -0.0000353065
        0.0000057966  -0.0001920078  -0.0000351431   0.0000059619  -0.0000860497
       -0.1255832126   0.2290823750   0.0000089861   0.0135117612  -0.0291511886
       -0.0037797506  -0.0033522010  -0.0010826825   0.0010073564   0.0009794781
        0.0003041918  -0.0037721194   0.0033534891   0.0010800691   0.0010042951
       -0.0009796274  -0.0003040204  -0.0018228744  -0.0167589797  -0.0192502225
       -0.0017939118   0.0167422661   0.0192291887  -0.0380244166  -0.0000581808
       -0.0000806268   0.0002988584  -0.0010629646   0.0000753325  -0.0000916069
        0.0001051492   0.0000212186   0.0002998719   0.0010611334  -0.0000752095
       -0.0000915769  -0.0001047162  -0.0000211355  -0.0000196066   0.0000101662
       -0.0000503460  -0.0000194608  -0.0000099502   0.0000502585   0.0014853747
        0.0000049428   0.0000089861   0.0453195675   0.0000699950   0.0000949981
       -0.0014406044  -0.0029873380  -0.0018717109   0.0005021508   0.0010341796
        0.0000620270   0.0014415796  -0.0029939404  -0.0018734415  -0.0005020939
        0.0010359053   0.0000627006  -0.0026908208  -0.0133579230  -0.0146423822
        0.0026735527  -0.0133859674  -0.0146702473  -0.0000581846  -0.1151157149
       -0.1064815055   0.0002972388  -0.0008813226   0.0001544672  -0.0000991884
        0.0001334257   0.0000479978  -0.0002989308  -0.0008824448   0.0001546521
        0.0000995276   0.0001334456   0.0000479652  -0.0000822599   0.0001427099
       -0.0000441471   0.0000824761   0.0001426423  -0.0000442238   0.0000055621
        0.0087880092   0.0135117612   0.0000699950   0.1381943333   0.1255860872
       -0.0000429342   0.0000645830   0.0001277951   0.0003517717  -0.0000508029
        0.0006728997   0.0000432075   0.0000639213   0.0001280877  -0.0003519610
       -0.0000491155   0.0006727832  -0.0014906741  -0.0027375074  -0.0006572357
        0.0014866893  -0.0027404008  -0.0006592056  -0.0000808036  -0.1067885158
       -0.2005438712   0.0001222699   0.0000217951   0.0001390501   0.0000082519
        0.0000253389   0.0000247480  -0.0001221861   0.0000219937   0.0001390521
       -0.0000083134   0.0000253591   0.0000249071  -0.0001919497   0.0000354170
        0.0000058055   0.0001920163   0.0000350236   0.0000059001  -0.0000103826
       -0.0135131764  -0.0291511886   0.0000949981   0.1255860872   0.2290704726
