           1           2  0.96207544211006446     
           1           3  0.98298087991733485     
           2           4  0.98298104910543538     
           3           4  0.96206325488893896     
           1           5  0.95912163538033746     
           2           5  0.95912430403561943     
           3           6  0.95912941997015988     
           4           6  0.95912672264276011     
           5           7   1.0068298131816011     
           6           7   1.0068289296234478     
           1           8  0.97417057476979374     
           2           9  0.97416987743547478     
           3          10  0.97417115859414882     
           4          11  0.97417146121778542     
           5          12  0.97234814011766146     
           6          13  0.97234796261218559     
           7          14  0.96886209023879766     
           7          15  0.96886193107357155     
