 -1.0
 -0.15802088560764D+01 -0.91452139828312D+00 -0.13492709726060D+01  0.40413344347416D-03  0.58454865798715D-03 -0.54620198141316D-05
 -0.16238987597979D+01 -0.10256454789114D+01  0.15574504432578D+01  0.16272289258401D-04 -0.64529480656525D-03  0.32460438046458D-03
  0.14268025708857D+01 -0.14568284842090D+01 -0.13839345689153D+01 -0.15724881631195D-02  0.12204724648840D-03  0.12305907376859D-02
  0.11903338401809D+01 -0.17480693223764D+01  0.12122080434366D+01  0.80827096228746D-03  0.63679234121621D-03 -0.74590335062003D-04
 -0.21151443086898D+01  0.14113382465093D+01  0.37335952619650D-01  0.59317078317487D-03 -0.23649946228834D-03 -0.83610224711972D-03
  0.24181612167564D+01  0.65834334817265D+00  0.64972175199630D-01  0.36556180099064D-03  0.84703000387578D-04  0.71985314339258D-04
  0.17792219498170D+00  0.26903413584124D+01  0.47890223266729D-01 -0.80094174776060D-03 -0.40408383290117D-03 -0.43370920460441D-03
 -0.32274515087998D+01 -0.20072052058625D+01 -0.19060422922327D+01 -0.24000073467632D-02  0.12597970540898D-02 -0.21469456317375D-02
 -0.25842901170401D+01 -0.23540646824173D+01  0.25726768036358D+01  0.31179880822307D-02  0.12711469296107D-02 -0.26056815572458D-02
  0.18189830816686D+01 -0.25502705282585D+01 -0.30866404397738D+01 -0.26752792733041D-02  0.83933476088596D-03 -0.49662413351756D-03
  0.24728350708180D+01 -0.42817245121406D+01  0.13161166594033D+01 -0.27767629335395D-03 -0.33350142988919D-02 -0.21212815483430D-02
 -0.39763672563342D+01  0.17949986578527D+01 -0.43902038753351D+00  0.34288501684481D-02 -0.27042509900815D-02  0.18215022002570D-02
  0.42168992236003D+01  0.78154238175650D+00  0.16894045781388D+00 -0.16718548195354D-02 -0.10127854920714D-02  0.31151569390272D-02
  0.73401782492556D+00  0.43538178196023D+01 -0.16589435345922D+01  0.17234582849997D-02  0.39097280057300D-02 -0.77058821275995D-03
  0.23052373222803D+00  0.43649479710632D+01  0.14349993118986D+01  0.98876587651324D-03 -0.19360404872629D-02 -0.12631480991780D-03
