$coord
       -1.75396734975733       -0.89882650516731       -1.48617945854154      C
       -1.38512955356618       -1.54805817843861        1.33809295053722      C
        1.19283133471605       -1.60317539607476       -1.66107088664732      C
        1.53279611830540       -1.55290479956108        1.28000680084106      C
       -1.93353295747032        1.20898336244724        0.60299592779945      C
        2.32195298640007        0.82859039705724       -0.05045330718199      C
       -0.01448708182919        2.82180925031465        0.05026481757494      C
       -3.32291691319766       -0.63484151329975       -3.03030518447795      H
       -2.82674169148234       -2.02456446642357        2.78596659086144      H
        2.25292584814879       -1.28246615268643       -3.18043239986403      H
        2.60215068553404       -2.62896795148412        2.95748880672018      H
       -3.56866206109837        2.26058722836037        0.87148903085619      H
        3.79475296944855        1.23352339961073       -1.52279939501881      H
       -0.34017167049758        4.69942637040665       -1.12799177691982      H
        0.29515181141944        2.78567590303205        2.00581742612527      H
$end
