$hessian                                                                        
        0.4932198559   0.0389436719  -0.0001676143  -0.1372502198   0.0658535056
       -0.0004828113  -0.0385512532   0.0141865948  -0.0003141439  -0.0053681784
       -0.0016409252  -0.0000027085  -0.0026123803   0.0045195064   0.0018416460
       -0.0024141250   0.0043181983  -0.0018825048  -0.2196863337  -0.1107897914
        0.0002932583  -0.0436720913  -0.0078739563   0.0103397321  -0.0436652741
       -0.0075168039  -0.0096248537
        0.0389436719   0.5005358050  -0.0005232491   0.0711396844  -0.1272079138
        0.0005195302  -0.0121627585   0.0131401997  -0.0001154667  -0.0034216478
       -0.0009615989  -0.0000138388   0.0158124895  -0.0142735726  -0.0027020931
        0.0156076996  -0.0140110024   0.0029318096  -0.1092845725  -0.1092207506
        0.0001752846  -0.0084842504  -0.1231052442   0.1134396349  -0.0081503161
       -0.1248959222  -0.1137116116
       -0.0001676143  -0.0005232491   0.5224747577  -0.0005174039   0.0004716017
       -0.0697628317  -0.0001311515   0.0000502798   0.0038675728   0.0000749648
        0.0000263692   0.0003452133   0.0186522119  -0.0178844297  -0.0011893616
       -0.0188444655   0.0179064570  -0.0015135290   0.0002474339   0.0001489496
       -0.0428118051   0.0109444553   0.1126562989  -0.2070509508  -0.0102584308
       -0.1128522776  -0.2043590655
       -0.1372502198   0.0711396844  -0.0005174039   0.4200912646  -0.0235762476
       -0.0001167813  -0.1559800543  -0.0574112866  -0.0005042009  -0.0268361567
       -0.0158914203   0.0000793517  -0.0371148597   0.0033595298   0.0009339623
       -0.0371207256   0.0025655799   0.0002609331  -0.0226491302   0.0138417478
       -0.0001138504  -0.0014968134   0.0029083292  -0.0022944109  -0.0016433048
        0.0030640834   0.0022724004
        0.0658535056  -0.1272079138   0.0004716017  -0.0235762476   0.4699929778
       -0.0004449857  -0.0784775124  -0.1247102854   0.0001250620   0.0124299855
        0.0123606051  -0.0000332340   0.0021067843  -0.1045521280  -0.0929532194
        0.0014376816  -0.1037801413   0.0926966536  -0.0124266161   0.0085365479
       -0.0000699562   0.0162069357  -0.0151787212   0.0036504970   0.0164454835
       -0.0154609412  -0.0034424190
       -0.0004828113   0.0005195302  -0.0697628317  -0.0001167813  -0.0004449857
        0.5015577706  -0.0000571963   0.0004749066  -0.0475851944  -0.0002472889
       -0.0003323286  -0.0040403581  -0.0003365210  -0.0926618949  -0.1879527151
        0.0013773406   0.0923788652  -0.1891404259   0.0000129506  -0.0000241604
        0.0000498630  -0.0199081398   0.0182203650  -0.0017129691   0.0197584474
       -0.0181302973  -0.0014131392
       -0.0385512532  -0.0121627585  -0.0001311515  -0.1559800543  -0.0784775124
       -0.0000571963   0.4921783084  -0.0875910983   0.0056428629  -0.2619618730
        0.2122885751  -0.0053026346  -0.0167577156  -0.0183640009  -0.0096284857
       -0.0170226347  -0.0182923463   0.0094975650  -0.0062560710   0.0042871388
       -0.0000561555   0.0021574248  -0.0008300467  -0.0005860976   0.0021938685
       -0.0008579508   0.0006212932
        0.0141865948   0.0131401997   0.0000502798  -0.0574112866  -0.1247102854
        0.0004749066  -0.0875910983   0.3615326709  -0.0049742815   0.1820941615
       -0.2086877490   0.0045474917  -0.0278413112  -0.0205123531  -0.0069269470
       -0.0277265890  -0.0203129746   0.0067824247   0.0048904182  -0.0016090484
        0.0000305656  -0.0003027161   0.0005652844  -0.0004238665  -0.0002981734
        0.0005942556   0.0004394266
       -0.0003141439  -0.0001154667   0.0038675728  -0.0005042009   0.0001250620
       -0.0475851944   0.0056428629  -0.0049742815   0.0401989448  -0.0052610039
        0.0046322509  -0.0013958339  -0.0223214757  -0.0170200595   0.0018866753
        0.0227781734   0.0172752308   0.0022014895  -0.0000637628   0.0000472982
        0.0004839773   0.0005012965  -0.0007467536   0.0001693585  -0.0004577456
        0.0007767195   0.0001730103
       -0.0053681784  -0.0034216478   0.0000749648  -0.0268361567   0.0124299855
       -0.0002472889  -0.2619618730   0.1820941615  -0.0052610039   0.2962113073
       -0.1927852514   0.0056906252  -0.0000297150   0.0011800342  -0.0003732277
       -0.0009965825   0.0009864853  -0.0001800389  -0.0012678941   0.0007925200
        0.0004201331  -0.0000736270  -0.0008388569   0.0004525982   0.0003227194
       -0.0004374304  -0.0005767618
       -0.0016409252  -0.0009615989   0.0000263692  -0.0158914203   0.0123606051
       -0.0003323286   0.2122885751  -0.2086877490   0.0046322509  -0.1927852514
        0.1938721902  -0.0042219200  -0.0003698623   0.0010749686   0.0000381019
       -0.0007985352   0.0010495697  -0.0002644138  -0.0006949992   0.0005543869
        0.0001787862  -0.0001454915   0.0002921754  -0.0004418150   0.0000379101
        0.0004454521   0.0003849692
       -0.0000027085  -0.0000138388   0.0003452133   0.0000793517  -0.0000332340
       -0.0040403581  -0.0053026346   0.0045474917  -0.0013958339   0.0056906252
       -0.0042219200   0.0027746994  -0.0018138536   0.0009552683   0.0012770352
        0.0013132500  -0.0011987099   0.0010141340   0.0000135396  -0.0000077889
        0.0002155105  -0.0000723677  -0.0000225757  -0.0000789836   0.0000947979
       -0.0000046927  -0.0001114168
       -0.0026123803   0.0158124895   0.0186522119  -0.0371148597   0.0021067843
       -0.0003365210  -0.0167577156  -0.0278413112  -0.0223214757  -0.0000297150
       -0.0003698623  -0.0018138536   0.0574299180   0.0058034218   0.0057778399
        0.0018498992   0.0004546063  -0.0008803065   0.0002292568   0.0003386777
        0.0000699877   0.0008873611  -0.0003908408   0.0004413749  -0.0038817644
        0.0040860348   0.0004107424
        0.0045195064  -0.0142735726  -0.0178844297   0.0033595298  -0.1045521280
       -0.0926618949  -0.0183640009  -0.0205123531  -0.0170200595   0.0011800342
        0.0010749686   0.0009552683   0.0058034218   0.1328985918   0.1150036091
        0.0004877430   0.0081511657   0.0128013397  -0.0003480330   0.0003331437
       -0.0001080581  -0.0005584484   0.0000393623  -0.0005102297   0.0039202472
       -0.0031591785  -0.0005755453
        0.0018416460  -0.0027020931  -0.0011893616   0.0009339623  -0.0929532194
       -0.1879527151  -0.0096284857  -0.0069269470   0.0018866753  -0.0003732277
        0.0000381019   0.0012770352   0.0057778399   0.1150036091   0.2149802337
        0.0010788051  -0.0129760082  -0.0310864593   0.0002288830   0.0002409109
        0.0000968933  -0.0005678418   0.0005260408   0.0007902875   0.0007084190
       -0.0002503951   0.0011974110
       -0.0024141250   0.0156076996  -0.0188444655  -0.0371207256   0.0014376816
        0.0013773406  -0.0170226347  -0.0277265890   0.0227781734  -0.0009965825
       -0.0007985352   0.0013132500   0.0018498992   0.0004877430   0.0010788051
        0.0584672728   0.0069749274  -0.0063824915   0.0002386359   0.0003422893
       -0.0005276009  -0.0036668909   0.0042749030  -0.0004165259   0.0006651508
       -0.0006001197  -0.0003764854
        0.0043181983  -0.0140110024   0.0179064570   0.0025655799  -0.1037801413
        0.0923788652  -0.0182923463  -0.0203129746   0.0172752308   0.0009864853
        0.0010495697  -0.0011987099   0.0004546063   0.0081511657  -0.0129760082
        0.0069749274   0.1316687133  -0.1144462549  -0.0003624419   0.0003553364
       -0.0000930731   0.0039926116  -0.0030678266   0.0006268224  -0.0006376205
       -0.0000528402   0.0005266706
       -0.0018825048   0.0029318096  -0.0015135290   0.0002609331   0.0926966536
       -0.1891404259   0.0094975650   0.0067824247   0.0022014895  -0.0001800389
       -0.0002644138   0.0010141340  -0.0008803065   0.0128013397  -0.0310864593
       -0.0063824915  -0.1144462549   0.2166701512  -0.0002262707  -0.0002523825
       -0.0001987116  -0.0006296629   0.0004300099   0.0012226608   0.0004227773
       -0.0006791863   0.0008306903
       -0.2196863337  -0.1092845725   0.0002474339  -0.0226491302  -0.0124266161
        0.0000129506  -0.0062560710   0.0048904182  -0.0000637628  -0.0012678941
       -0.0006949992   0.0000135396   0.0002292568  -0.0003480330   0.0002288830
        0.0002386359  -0.0003624419  -0.0002262707   0.2556872658   0.1258965351
       -0.0002438473  -0.0032028750  -0.0038634991   0.0015315792  -0.0030928545
       -0.0038067914  -0.0015005056
       -0.1107897914  -0.1092207506   0.0001489496   0.0138417478   0.0085365479
       -0.0000241604   0.0042871388  -0.0016090484   0.0000472982   0.0007925200
        0.0005543869  -0.0000077889   0.0003386777   0.0003331437   0.0002409109
        0.0003422893   0.0003553364  -0.0002523825   0.1258965351   0.1246288964
       -0.0001935135  -0.0172439345  -0.0117027860   0.0020224407  -0.0174651828
       -0.0118757264  -0.0019817541
        0.0002932583   0.0001752846  -0.0428118051  -0.0001138504  -0.0000699562
        0.0000498630  -0.0000561555   0.0000305656   0.0004839773   0.0004201331
        0.0001787862   0.0002155105   0.0000699877  -0.0001080581   0.0000968933
       -0.0005276009  -0.0000930731  -0.0001987116  -0.0002438473  -0.0001935135
        0.0457872095   0.0230280362   0.0159412773  -0.0018588220  -0.0228699613
       -0.0158613128  -0.0017641147
       -0.0436720913  -0.0084842504   0.0109444553  -0.0014968134   0.0162069357
       -0.0199081398   0.0021574248  -0.0003027161   0.0005012965  -0.0000736270
       -0.0001454915  -0.0000723677   0.0008873611  -0.0005584484  -0.0005678418
       -0.0036668909   0.0039926116  -0.0006296629  -0.0032028750  -0.0172439345
        0.0230280362   0.0481818712   0.0058095233  -0.0114380884   0.0008856405
        0.0007257703  -0.0018576873
       -0.0078739563  -0.1231052442   0.1126562989   0.0029083292  -0.0151787212
        0.0182203650  -0.0008300467   0.0005652844  -0.0007467536  -0.0008388569
        0.0002921754  -0.0000225757  -0.0003908408   0.0000393623   0.0005260408
        0.0042749030  -0.0030678266   0.0004300099  -0.0038634991  -0.0117027860
        0.0159412773   0.0058095233   0.1425087348  -0.1324991585   0.0008044443
        0.0096490212  -0.0145055041
        0.0103397321   0.1134396349  -0.2070509508  -0.0022944109   0.0036504970
       -0.0017129691  -0.0005860976  -0.0004238665   0.0001693585   0.0004525982
       -0.0004418150  -0.0000789836   0.0004413749  -0.0005102297   0.0007902875
       -0.0004165259   0.0006268224   0.0012226608   0.0015315792   0.0020224407
       -0.0018588220  -0.0114380884  -0.1324991585   0.2368466800   0.0019698384
        0.0141356747  -0.0283272613
       -0.0436652741  -0.0081503161  -0.0102584308  -0.0016433048   0.0164454835
        0.0197584474   0.0021938685  -0.0002981734  -0.0004577456   0.0003227194
        0.0000379101   0.0000947979  -0.0038817644   0.0039202472   0.0007084190
        0.0006651508  -0.0006376205   0.0004227773  -0.0030928545  -0.0174651828
       -0.0228699613   0.0008856405   0.0008044443   0.0019698384   0.0482158185
        0.0053432077   0.0106318577
       -0.0075168039  -0.1248959222  -0.1128522776   0.0030640834  -0.0154609412
       -0.0181302973  -0.0008579508   0.0005942556   0.0007767195  -0.0004374304
        0.0004454521  -0.0000046927   0.0040860348  -0.0031591785  -0.0002503951
       -0.0006001197  -0.0000528402  -0.0006791863  -0.0038067914  -0.0118757264
       -0.0158613128   0.0007257703   0.0096490212   0.0141356747   0.0053432077
        0.1447558796   0.1328657677
       -0.0096248537  -0.1137116116  -0.2043590655   0.0022724004  -0.0034424190
       -0.0014131392   0.0006212932   0.0004394266   0.0001730103  -0.0005767618
        0.0003849692  -0.0001114168   0.0004107424  -0.0005755453   0.0011974110
       -0.0003764854   0.0005266706   0.0008306903  -0.0015005056  -0.0019817541
       -0.0017641147  -0.0018576873  -0.0145055041  -0.0283272613   0.0106318577
        0.1328657677   0.2337738860
