$hessian                                                                        
        0.5052741635   0.0858885503  -0.1737331700  -0.0704151318   0.0157196470
        0.0431389046  -0.1401222349   0.0882401190   0.0695101907   0.0044323742
        0.0008499513  -0.0055609358  -0.2976521425  -0.1980448689   0.0597966666
       -0.0015170285   0.0073466015   0.0068483438
        0.0858885503   0.3242299624   0.0574792533   0.0033870004   0.0170121539
       -0.0029307325   0.0593586365  -0.1577967915  -0.0614649243   0.0005883105
        0.0017975643   0.0032476017  -0.1721890496  -0.1550648187   0.0253539358
        0.0229665519  -0.0301780704  -0.0216851340
       -0.1737331700   0.0574792533   0.1106224897   0.0393502447  -0.0080540405
        0.0033025844   0.0606661136  -0.0733718385  -0.0850154129  -0.0056552284
        0.0031205615  -0.0063215287   0.0677237254   0.0360458968  -0.0227566987
        0.0116483146  -0.0152198326   0.0001685661
       -0.0704151318   0.0033870004   0.0393502447   0.6815263058   0.2501653237
       -0.1792912148  -0.5449430209  -0.1686936357   0.1532202239  -0.0418298963
       -0.0755109416  -0.0202903022  -0.0054234692   0.0044696901   0.0053482889
       -0.0189147877  -0.0138174370   0.0016627594
        0.0157196470   0.0170121539  -0.0080540405   0.2501653237   0.5132268165
        0.0332125007  -0.2037831257  -0.1585768512   0.0516251640  -0.0331311700
       -0.3539391068  -0.0835531656   0.0043801201   0.0002756669  -0.0030050957
       -0.0333507951  -0.0179986794   0.0097746371
        0.0431389046  -0.0029307325   0.0033025844  -0.1792912148   0.0332125007
        0.1491800181   0.1425172482   0.0370864062  -0.0987890817  -0.0073511917
       -0.0659889101  -0.0522869545   0.0052986005  -0.0030566115   0.0010233940
       -0.0043123467   0.0016773471  -0.0024299603
       -0.1401222349   0.0593586365   0.0606661136  -0.5449430209  -0.2037831257
        0.1425172482   0.7804326220   0.1849242822  -0.2126411409  -0.0195504339
       -0.0022877844   0.0089580670  -0.0253553207   0.0157125064   0.0138038501
       -0.0504616117  -0.0539245150  -0.0133041380
        0.0882401190  -0.1577967915  -0.0733718385  -0.1686936357  -0.1585768512
        0.0370864062   0.1849242822   0.5711641863   0.0579663076  -0.0454213849
       -0.0203584337   0.0114741142  -0.0079697902   0.0107000850   0.0076695812
       -0.0510795904  -0.2451321950  -0.0408245708
        0.0695101907  -0.0614649243  -0.0850154129   0.1532202239   0.0516251640
       -0.0987890817  -0.2126411409   0.0579663076   0.2369077073  -0.0042260754
       -0.0064171144   0.0035250789   0.0065779492  -0.0021067506  -0.0069039012
       -0.0124411477  -0.0396026823  -0.0497243903
        0.0044323742   0.0005883105  -0.0056552284  -0.0418298963  -0.0331311700
       -0.0073511917  -0.0195504339  -0.0454213849  -0.0042260754   0.0584894397
        0.0811708722   0.0114794312   0.0008891636   0.0002950253  -0.0002159113
       -0.0024306473  -0.0035016532   0.0059689756
        0.0008499513   0.0017975643   0.0031205615  -0.0755109416  -0.3539391068
       -0.0659889101  -0.0022877844  -0.0203584337  -0.0064171144   0.0811708722
        0.3708113719   0.0714840637   0.0008257154   0.0003272857  -0.0002680990
       -0.0050478130   0.0013613186  -0.0019305017
       -0.0055609358   0.0032476017  -0.0063215287  -0.0202903022  -0.0835531656
       -0.0522869545   0.0089580670   0.0114741142   0.0035250789   0.0114794312
        0.0714840637   0.0434678766  -0.0000725180  -0.0000624397   0.0001320265
        0.0054862577  -0.0025901743   0.0114835012
       -0.2976521425  -0.1721890496   0.0677237254  -0.0054234692   0.0043801201
        0.0052986005  -0.0253553207  -0.0079697902   0.0065779492   0.0008891636
        0.0008257154  -0.0000725180   0.3273943369   0.1749808666  -0.0790702650
        0.0001474319  -0.0000278623  -0.0004574921
       -0.1980448689  -0.1550648187   0.0360458968   0.0044696901   0.0002756669
       -0.0030566115   0.0157125064   0.0107000850  -0.0021067506   0.0002950253
        0.0003272857  -0.0000624397   0.1749808666   0.1425413630  -0.0304246963
        0.0025867806   0.0012204180  -0.0003953988
        0.0597966666   0.0253539358  -0.0227566987   0.0053482889  -0.0030050957
        0.0010233940   0.0138038501   0.0076695812  -0.0069039012  -0.0002159113
       -0.0002680990   0.0001320265  -0.0790702650  -0.0304246963   0.0293930000
        0.0003373707   0.0006743739  -0.0008878205
       -0.0015170285   0.0229665519   0.0116483146  -0.0189147877  -0.0333507951
       -0.0043123467  -0.0504616117  -0.0510795904  -0.0124411477  -0.0024306473
       -0.0050478130   0.0054862577   0.0001474319   0.0025867806   0.0003373707
        0.0731766433   0.0639248660  -0.0007184487
        0.0073466015  -0.0301780704  -0.0152198326  -0.0138174370  -0.0179986794
        0.0016773471  -0.0539245150  -0.2451321950  -0.0396026823  -0.0035016532
        0.0013613186  -0.0025901743  -0.0000278623   0.0012204180   0.0006743739
        0.0639248660   0.2907272081   0.0550609682
        0.0068483438  -0.0216851340   0.0001685661   0.0016627594   0.0097746371
       -0.0024299603  -0.0133041380  -0.0408245708  -0.0497243903   0.0059689756
       -0.0019305017   0.0114835012  -0.0004574921  -0.0003953988  -0.0008878205
       -0.0007184487   0.0550609682   0.0413901039
