$hessian                                                                        
        0.3432753767   0.3331987537  -0.1581706604  -0.0615899079  -0.0550574761
        0.0293856223  -0.2831917698  -0.2689773757   0.1232704789   0.0040370952
       -0.0029801441  -0.0001507972  -0.0109368049   0.0014061462   0.0020906278
        0.0084060107  -0.0075899041   0.0035747286
        0.3331987537   0.4896014838  -0.2046362527  -0.0338505583  -0.0008704558
        0.0097759864  -0.2713687464  -0.4425314298   0.1690595522  -0.0033555486
       -0.0020738017  -0.0002145782  -0.0005079443   0.0051424345   0.0006824279
       -0.0241159561  -0.0492682311   0.0253328646
       -0.1581706604  -0.2046362527   0.1174664247   0.0222108733   0.0127718203
        0.0061004130   0.1240908395   0.1687390089  -0.1323598373  -0.0000123103
       -0.0002494150  -0.0039524227   0.0027283056   0.0004064534   0.0064020128
        0.0091529522   0.0229683851   0.0063434094
       -0.0615899079  -0.0338505583   0.0222108733   0.7083719798   0.0049511346
       -0.0990371343  -0.3491978303   0.0271844416   0.0363983643  -0.1222337778
        0.1312063930  -0.0287255553  -0.1498327736  -0.1457992551   0.0702645090
       -0.0255176903   0.0163078442  -0.0011110571
       -0.0550574761  -0.0008704558   0.0127718203   0.0049511346   0.6725776582
       -0.2217970529   0.0290039755  -0.0878064787   0.0151889238   0.1377381679
       -0.3074813258   0.0822963849  -0.1486156013  -0.2658424736   0.1106954887
        0.0319797994  -0.0105769243   0.0008444352
        0.0293856223   0.0097759864   0.0061004130  -0.0990371343  -0.2217970529
        0.1092400957   0.0355595466   0.0154225288  -0.0410220580  -0.0308108090
        0.0830816302  -0.0325786164   0.0713287594   0.1104160339  -0.0470637683
       -0.0064259850   0.0031008736   0.0053239341
       -0.2831917698  -0.2713687464   0.1240908395  -0.3491978303   0.0290039755
        0.0355595466   0.7273150730   0.1718179562  -0.1409652643  -0.0143327552
        0.0143277123  -0.0029592913  -0.0116308307  -0.0060916621   0.0025471220
       -0.0689618871   0.0623107646  -0.0182729524
       -0.2689773757  -0.4425314298   0.1687390089   0.0271844416  -0.0878064787
        0.0154225288   0.1718179562   0.7087501526  -0.2143131090   0.0328658458
       -0.0023899333  -0.0043661519  -0.0242279672  -0.0019568418   0.0012442652
        0.0613370993  -0.1740654691   0.0332734580
        0.1232704789   0.1690595522  -0.1323598373   0.0363983643   0.0151889238
       -0.0410220580  -0.1409652643  -0.2143131090   0.2404527775  -0.0093453512
       -0.0017368790   0.0004304962   0.0085953395  -0.0013445049  -0.0092802193
       -0.0179535672   0.0331460170  -0.0582211591
        0.0040370952  -0.0033555486  -0.0000123103  -0.1222337778   0.1377381679
       -0.0308108090  -0.0143327552   0.0328658458  -0.0093453512   0.1317788378
       -0.1547756653   0.0354291190   0.0074306635  -0.0139796774   0.0032271403
       -0.0066800635   0.0015068777   0.0015122112
       -0.0029801441  -0.0020738017  -0.0002494150   0.1312063930  -0.3074813258
        0.0830816302   0.0143277123  -0.0023899333  -0.0017368790  -0.1547756653
        0.3273291971  -0.0860304524   0.0110479132  -0.0175697908   0.0032823176
        0.0011737908   0.0021856544   0.0016527986
       -0.0001507972  -0.0002145782  -0.0039524227  -0.0287255553   0.0822963849
       -0.0325786164  -0.0029592913  -0.0043661519   0.0004304962   0.0354291190
       -0.0860304524   0.0342729115  -0.0052560174   0.0067439459  -0.0049284410
        0.0016625421   0.0015708517   0.0067560724
       -0.0109368049  -0.0005079443   0.0027283056  -0.1498327736  -0.1486156013
        0.0713287594  -0.0116308307  -0.0242279672   0.0085953395   0.0074306635
        0.0110479132  -0.0052560174   0.1653328696   0.1628368570  -0.0775254379
       -0.0003631239  -0.0005332575   0.0001290507
        0.0014061462   0.0051424345   0.0004064534  -0.1457992551  -0.2658424736
        0.1104160339  -0.0060916621  -0.0019568418  -0.0013445049  -0.0139796774
       -0.0175697908   0.0067439459   0.1628368570   0.2803537014  -0.1157771584
        0.0016275914  -0.0001270297  -0.0004447700
        0.0020906278   0.0006824279   0.0064020128   0.0702645090   0.1106954887
       -0.0470637683   0.0025471220   0.0012442652  -0.0092802193   0.0032271403
        0.0032823176  -0.0049284410  -0.0775254379  -0.1157771584   0.0554976781
       -0.0006039611  -0.0001273411  -0.0006272622
        0.0084060107  -0.0241159561   0.0091529522  -0.0255176903   0.0319797994
       -0.0064259850  -0.0689618871   0.0613370993  -0.0179535672  -0.0066800635
        0.0011737908   0.0016625421  -0.0003631239   0.0016275914  -0.0006039611
        0.0931167541  -0.0720023248   0.0141680190
       -0.0075899041  -0.0492682311   0.0229683851   0.0163078442  -0.0105769243
        0.0031008736   0.0623107646  -0.1740654691   0.0331460170   0.0015068777
        0.0021856544   0.0015708517  -0.0005332575  -0.0001270297  -0.0001273411
       -0.0720023248   0.2318519997  -0.0606587863
        0.0035747286   0.0253328646   0.0063434094  -0.0011110571   0.0008444352
        0.0053239341  -0.0182729524   0.0332734580  -0.0582211591   0.0015122112
        0.0016527986   0.0067560724   0.0001290507  -0.0004447700  -0.0006272622
        0.0141680190  -0.0606587863   0.0404250055
