 -1.0
 -0.13579315166594D+01 -0.11486983705957D+01 -0.15320022498182D+01 -0.48523806077401D-03  0.14812892955128D-03  0.12945015505711D-02
 -0.10924356639877D+01 -0.16585117585182D+01  0.14267416572975D+01 -0.37181356552368D-03  0.19270571877640D-03 -0.63930554859998D-03
  0.16313227997354D+01 -0.11635552922794D+01 -0.14725647225622D+01  0.97119907134374D-03  0.70046536144860D-03 -0.18980760281222D-05
  0.15845242873872D+01 -0.10812456756646D+01  0.13085728182205D+01  0.53777512131417D-04 -0.30656566036419D-03  0.34965535479986D-03
 -0.23417839618880D+01  0.81514205867477D+00 -0.13608477789773D-01 -0.37429530339606D-03 -0.84296492850201D-03 -0.51670807340850D-03
  0.22198311865657D+01  0.11321108847331D+01 -0.25156369294676D+00  0.65429745145571D-03 -0.66599209393493D-03 -0.95790141309281D-03
 -0.59876458612083D+00  0.28416425870910D+01  0.29589352041364D+00 -0.36593663334762D-03 -0.33754352689331D-04  0.70869260028022D-04
 -0.25248401385076D+01 -0.23681788925412D+01 -0.27178855190127D+01 -0.15601931628484D-02 -0.12842191894744D-02 -0.42565314031611D-03
 -0.18907876112593D+01 -0.35204066577276D+01  0.18463793759341D+01 -0.32815461142025D-02  0.24577943485995D-02  0.20966516394147D-02
  0.26385235551676D+01 -0.28046623376504D+01 -0.21058978753042D+01 -0.48238735456746D-03  0.66927286040694D-03  0.53454891285490D-03
  0.25607931719115D+01 -0.25351833855908D+01  0.26433444845036D+01 -0.42152053817345D-03  0.34079253095414D-03 -0.10546616540167D-02
 -0.45113764224973D+01  0.93643060529825D+00  0.41965885692825D+00  0.42069237229921D-03  0.28993645748312D-02 -0.15400751457611D-02
  0.41844412160052D+01  0.14960778429818D+01 -0.97746352850566D+00  0.54717472896591D-02  0.36160772939348D-02 -0.43339416978365D-03
 -0.28358708967791D+00  0.47950038956525D+01 -0.21493732564954D+00 -0.33200837635285D-02 -0.91966216815895D-03  0.71215097956217D-02
 -0.10135412987607D+01  0.35797558825378D+01  0.28252243016200D+01  0.21885253671807D-02  0.19249784180272D-02 -0.14851800806784D-02
