$coord
       -1.39192624471059       -1.41019188600904       -1.63983902226329      C
       -1.59306797653257       -1.25514382550117        1.25223355560822      C
        1.38428776292632       -1.31303972204073       -1.59575456934989      C
        1.55050430963347       -1.25120861724471        1.24385656180118      C
       -1.97646374552324        1.03671612726841       -0.27536141624590      C
        2.32290736341473        1.25289410860335       -0.05158305246260      C
       -0.18854052093650        2.50504891854926        0.85407335882167      C
       -3.06353685390200       -2.14170404960262       -2.46760332603200      H
       -2.98440679953816       -1.59245381816244        2.54629289600801      H
        3.24741849086608       -2.01111048728538       -2.74499049172235      H
        2.20718035508340       -2.14734873354450        3.53230400759868      H
       -3.97730855066197        1.43256926333155       -1.07289950466914      H
        4.37424359303735        1.76796599744283       -0.25712074906346      H
       -0.15505332686193        4.00859919735787       -0.66470810836715      H
       -1.24484806491501        2.32587606899310        2.53298847537974      H
$end
