 -1.0
 -0.14867035889990D+01 -0.10973430988193D+01 -0.18787294671461D+01  0.44086706092643D-03 -0.57858603623795D-03 -0.60167761738234D-03
 -0.15248482578606D+01 -0.11161250361357D+01  0.90866258374071D+00 -0.20237620246851D-03 -0.48668990699429D-03 -0.15687493373745D-03
  0.15849992671875D+01 -0.14940691738487D+01 -0.12500348626598D+01 -0.55678156650841D-03  0.78171470657463D-04  0.30775149233169D-03
  0.11096988369900D+01 -0.18323132904707D+01  0.16441247581510D+01  0.17031624498328D-03  0.36778232542598D-03  0.86937201229553D-03
 -0.21426895134362D+01  0.14541503519613D+01  0.18287238956545D-01  0.27557035240999D-03  0.49714161263757D-03  0.87753125503940D-03
  0.21097165299188D+01  0.50974683368559D+00  0.60612780092685D+00 -0.48350856557117D-03 -0.81293432004166D-04 -0.41050955306767D-03
  0.14749887329601D+00  0.29288090267746D+01 -0.55612807387276D-01  0.54587476663936D-03  0.27225227293664D-03 -0.13260920743583D-03
 -0.28277877474828D+01 -0.18207662332727D+01 -0.30842839300832D+01  0.15299897636170D-02  0.17667154380820D-02 -0.11543001804051D-02
 -0.19687965134501D+01 -0.27681523712063D+01  0.26236522880663D+01  0.15990337915385D-02 -0.85580965100452D-03 -0.41099392903069D-02
  0.28861790989404D+01 -0.21655577214415D+01 -0.28048207727333D+01 -0.43726071347983D-03  0.22379391467010D-03  0.36287460185757D-03
  0.25806067601959D+01 -0.28701482852940D+01  0.28743121260361D+01  0.83513700974566D-03  0.51454859716575D-02 -0.26052548280243D-02
 -0.42412352024553D+01  0.26286809674535D+01 -0.26047436896898D+00 -0.21246767373800D-02 -0.15329335990945D-03 -0.26138228685703D-03
  0.38005722820951D+01  0.12886385071522D+01  0.29270132302910D+00 -0.40039070018988D-02 -0.38458112057056D-02 -0.54045559972093D-03
  0.89691098337267D+00  0.45735162087180D+01 -0.13149318677348D+01 -0.89784389450009D-03  0.90842384500313D-03 -0.59477305273833D-03
  0.90889511475576D+00  0.36030344102044D+01  0.20595132511429D+01  0.12179432834194D-02 -0.40155830268681D-02 -0.14065469532499D-03
