$coord
       -1.46582305257022       -1.06510295139875       -1.52944281965022      C
       -1.52344284151372       -1.06458724839427        1.34689597801421      C
        1.43309457763703       -1.18252819790708       -1.48853971007710      C
        1.18933125551680       -1.92406365529817        1.56542475363635      C
       -2.28702819192436        1.12998355305541        0.02556066031878      C
        2.33806451327706        0.77645519385774        0.23472895386348      C
        0.19877204579506        2.54823350598941       -0.06715426626690      C
       -2.56867717579799       -1.37089373896756       -2.96279982323180      H
       -3.27261680772588       -2.13528806361677        2.05628458103704      H
        1.93674175772242       -1.65682666757382       -3.31350912913508      H
        2.83365885829737       -2.37470799217169        3.13741314865846      H
       -3.78719863070078        2.82139427719875        0.60061311664786      H
        4.46328068766614        1.01953782165092       -0.17338031846825      H
        0.74126659139419        3.87438824378165       -1.48935155215060      H
        0.66441985462671        3.90667016815478        1.39360222757621      H
$end
