$hessian                                                                        
        0.4489438058  -0.2383693306   0.0818533485  -0.0549804232   0.0312827729
        0.0055600553  -0.1953775010   0.1001756821   0.0971518258  -0.1917518482
        0.0892458554  -0.1978015207   0.0001019426   0.0053678946  -0.0044776805
       -0.0069359759   0.0122971256   0.0177139717
       -0.2383693306   0.1553416698  -0.0116242956   0.0297187574  -0.0184996626
       -0.0010621888   0.0977878286  -0.0994961836  -0.0658272597   0.0920740575
       -0.0471167282   0.0912270747   0.0052647047   0.0073728685   0.0014844087
        0.0135239824   0.0023980362  -0.0141977393
        0.0818533485  -0.0116242956   0.3859802570  -0.0101471464   0.0079560345
        0.0204445753   0.0721534756  -0.0515108559  -0.1416691934  -0.1682183625
        0.0742359974  -0.2343517556  -0.0056111980   0.0021244809  -0.0008323775
        0.0299698829  -0.0211813613  -0.0295715058
       -0.0549804232   0.0297187574  -0.0101471464   0.6595439710  -0.3391553892
        0.1296158193  -0.3774698430   0.1659918600  -0.2592745537  -0.0042229229
        0.0026580242   0.0014676035  -0.2158976086   0.1252557464   0.1614043207
       -0.0069731733   0.0155310012  -0.0230660435
        0.0312827729  -0.0184996626   0.0079560345  -0.3391553892   0.2366165597
       -0.0377129239   0.1702404242  -0.1287062312   0.1262695033   0.0029427369
       -0.0016218013  -0.0008980049   0.1206475627  -0.1044837626  -0.1025616809
        0.0140418924   0.0166948979   0.0069470720
        0.0055600553  -0.0010621888   0.0204445753   0.1296158193  -0.0377129239
        0.4178885804  -0.2159848089   0.1014390219  -0.2714117200   0.0044251997
       -0.0025679384  -0.0002883333   0.1144703593  -0.0756469026  -0.1267634485
       -0.0380866248   0.0155509318  -0.0398696540
       -0.1953775010   0.0977878286   0.0721534756  -0.3774698430   0.1702404242
       -0.2159848089   0.6670238696  -0.2873664943   0.1681899257  -0.0251078516
        0.0132471330   0.0117943299  -0.0287012241   0.0112125443  -0.0279930444
       -0.0403674499  -0.0051214358  -0.0081598779
        0.1001756821  -0.0994961836  -0.0515108559   0.1659918600  -0.1287062312
        0.1014390219  -0.2873664943   0.2965272876  -0.0502106478   0.0104850219
       -0.0104127445  -0.0053025024   0.0157581662  -0.0118287716   0.0163883050
       -0.0050442358  -0.0460833566  -0.0108033208
        0.0971518258  -0.0658272597  -0.1416691934  -0.2592745537   0.1262695033
       -0.2714117200   0.1681899257  -0.0502106478   0.6073087511  -0.0172397969
        0.0113594654   0.0112324473   0.0185519081  -0.0102823538  -0.0009306931
       -0.0073793090  -0.0113087075  -0.2045295920
       -0.1917518482   0.0920740575  -0.1682183625  -0.0042229229   0.0029427369
        0.0044251997  -0.0251078516   0.0104850219  -0.0172397969   0.2221971310
       -0.1070987254   0.1816722504  -0.0006057915   0.0020313181  -0.0004793962
       -0.0005087167  -0.0004344090  -0.0001598946
        0.0892458554  -0.0471167282   0.0742359974   0.0026580242  -0.0016218013
       -0.0025679384   0.0132471330  -0.0104127445   0.0113594654  -0.1070987254
        0.0584502548  -0.0834352362   0.0021190630   0.0018346317   0.0000664834
       -0.0001713502  -0.0011336125   0.0003412284
       -0.1978015207   0.0912270747  -0.2343517556   0.0014676035  -0.0008980049
       -0.0002883333   0.0117943299  -0.0053025024   0.0112324473   0.1816722504
       -0.0834352362   0.2211422193   0.0002576095  -0.0003447343   0.0010193393
        0.0026097275  -0.0012465969   0.0012460829
        0.0001019426   0.0052647047  -0.0056111980  -0.2158976086   0.1206475627
        0.1144703593  -0.0287012241   0.0157581662   0.0185519081  -0.0006057915
        0.0021190630   0.0002576095   0.2457771776  -0.1404243703  -0.1289162245
       -0.0006744959  -0.0033651263   0.0012475457
        0.0053678946   0.0073728685   0.0021244809   0.1252557464  -0.1044837626
       -0.0756469026   0.0112125443  -0.0118287716  -0.0102823538   0.0020313181
        0.0018346317  -0.0003447343  -0.1404243703   0.1118384173   0.0837327804
       -0.0034431331  -0.0047333833   0.0004167294
       -0.0044776805   0.0014844087  -0.0008323775   0.1614043207  -0.1025616809
       -0.1267634485  -0.0279930444   0.0163883050  -0.0009306931  -0.0004793962
        0.0000664834   0.0010193393  -0.1289162245   0.0837327804   0.1226203191
        0.0004620248   0.0008897035   0.0048868606
       -0.0069359759   0.0135239824   0.0299698829  -0.0069731733   0.0140418924
       -0.0380866248  -0.0403674499  -0.0050442358  -0.0073793090  -0.0005087167
       -0.0001713502   0.0026097275  -0.0006744959  -0.0034431331   0.0004620248
        0.0554598117  -0.0189071557   0.0124242986
        0.0122971256   0.0023980362  -0.0211813613   0.0155310012   0.0166948979
        0.0155509318  -0.0051214358  -0.0460833566  -0.0113087075  -0.0004344090
       -0.0011336125  -0.0012465969  -0.0033651263  -0.0047333833   0.0008897035
       -0.0189071557   0.0328574183   0.0172960303
        0.0177139717  -0.0141977393  -0.0295715058  -0.0230660435   0.0069470720
       -0.0398696540  -0.0081598779  -0.0108033208  -0.2045295920  -0.0001598946
        0.0003412284   0.0012460829   0.0012475457   0.0004167294   0.0048868606
        0.0124242986   0.0172960303   0.2678378082
