 -1.0
 -0.13939289561291D+01  0.11872043509918D+01  0.26697904638388D+00 -0.62444643515845D-03 -0.74446017929100D-03  0.35017995747310D-03
 -0.12406982458172D+01 -0.16664308313093D+01  0.99088482261200D-01 -0.19732055140251D-03  0.88912413639173D-03  0.57856229472361D-03
  0.12795619929458D+01  0.13730796000068D+01 -0.57168332312439D-01 -0.69736142750191D-04  0.12828702075839D-03  0.45523023153381D-04
  0.13252933533661D+01 -0.99131771430181D+00 -0.29222407664033D+00  0.78053297322433D-03 -0.69821416028962D-03 -0.32953371748483D-03
 -0.20175039975092D+01  0.13710750776546D+01  0.24575540666048D+01 -0.43973825889725D-03 -0.40377363981327D-03 -0.18823762108901D-02
 -0.23277130628696D+01  0.20679165128504D+01 -0.12800631749040D+01 -0.18582727051048D-02  0.37981421737632D-03  0.16171865894503D-02
 -0.27350247374901D+01 -0.17605530476807D+01 -0.12341656693478D+01 -0.11918099527388D-02  0.10895250172756D-02 -0.44364503343559D-02
 -0.17851020981557D+01 -0.19428009306096D+01  0.21806882711655D+01 -0.26620741462808D-03  0.38169332378438D-02 -0.20169806672383D-02
  0.27857932591827D+01  0.20501794755190D+01  0.96738232824363D+00  0.17632709670346D-02 -0.89291285889037D-03 -0.22397849206689D-02
  0.31149381732537D+01 -0.15582733496321D+01 -0.14083553513204D+01  0.33255906018750D-02  0.11181377983742D-02  0.12147050757875D-02
