$coord
       -1.46866351946707        1.18995963504911        0.31456768744504      C
       -1.23750478995193       -1.54242664330418       -0.07978783842701      C
        0.98971650996325        1.29249973818678        0.02831071867764      C
        1.71317143891132       -0.94395836698731       -0.27399455250189      C
       -2.13306881485610        0.90977750405813        2.42897893644275      H
       -2.28167514540081        2.31962851275835       -1.22808763970260      H
       -2.69152222797341       -2.27937919345877       -1.07385077344990      H
       -1.52193505990861       -2.00247260691492        1.73491414413587      H
        2.19132696798091        2.12823009931552        1.20017208561566      H
        3.15407946544836       -1.97171229323401       -1.04784094210983      H
$end
