 -1.0
 -0.17809201522709D+01 -0.13810248892254D+01 -0.12168906576397D+01 -0.34875045648770D-03 -0.39054224538105D-03 -0.52535995477892D-03
 -0.16418123657359D+01 -0.10691857291894D+01  0.14616930960044D+01 -0.76392781101806D-03  0.68843765778664D-03  0.15318882778180D-05
  0.10600824948637D+01 -0.11965066700997D+01 -0.15852314277129D+01 -0.16079515384978D-04 -0.39189669023261D-03  0.10039035345733D-03
  0.11793016863082D+01 -0.15520629093168D+01  0.15507127653839D+01  0.31254566754826D-03 -0.80654297423011D-03  0.46326654665674D-04
 -0.19627104477347D+01  0.12260671530356D+01 -0.27484303747689D+00  0.24063173987337D-03 -0.35353665785370D-03  0.31483620808435D-03
  0.23064485637068D+01  0.59944669356408D+00 -0.17466733085193D+00  0.54176679098293D-03  0.13038345242156D-02 -0.10000134185676D-03
  0.77593386468614D+00  0.27792472345881D+01  0.30111631670970D+00  0.10336240677767D-03  0.95234818936839D-04  0.49222086204248D-03
 -0.25877787668717D+01 -0.11449795968647D+01 -0.28726391827675D+01  0.10608155543646D-02 -0.54673859931816D-03 -0.86587335706917D-03
 -0.36142494082387D+01 -0.15111357052654D+01  0.24892967706666D+01  0.20528706345943D-02  0.21677819491236D-02 -0.14060363012284D-02
  0.25788383556575D+01 -0.25159746307245D+01 -0.23273495014392D+01 -0.54134320706365D-02 -0.13235353760736D-02 -0.11949398781647D-02
  0.19258351652312D+01 -0.31271144601918D+01  0.23513318084971D+01  0.44844003198469D-03 -0.38316733991642D-02  0.11415480139610D-02
 -0.34340123438203D+01  0.26018270272937D+01 -0.64527225893248D+00 -0.16467409322038D-02 -0.13563693636769D-02 -0.61993115323034D-03
  0.41588780262569D+01  0.88031117982251D+00  0.98031705466379D+00  0.26515689637044D-02  0.35469507674375D-02  0.83065221377847D-03
  0.76607396300008D-01  0.35303043071245D+01 -0.19580334810006D+01 -0.10888452951637D-02 -0.20640581521071D-02 -0.28664769324109D-02
  0.76113202702830D+00  0.36463820716844D+01  0.21353075620627D+01  0.10999905766568D-02  0.16662243935594D-02  0.10181791026789D-02
