$coord
       -1.52057635570898       -1.37997638290125       -1.48774311433360      C
       -1.56475413414064       -1.08320183169649        1.45775403840715      C
        1.43185534178693       -1.62115537031085       -1.29660760117946      C
        0.98466028347326       -1.19726254179194        1.51991620667246      C
       -2.01978069343468        1.12421876935837       -0.43469898108038      C
        2.35406514669060        0.83750598460934       -0.01227374964039      C
        0.17774870993279        2.78378474068364        0.20112011451265      C
       -3.03273596625126       -2.41469783874800       -2.91992834976383      H
       -1.64649764315467       -1.30657309386196        3.68665100256070      H
        2.54629158581251       -2.85501949869611       -2.46944505293592      H
        2.31619574242665       -2.53035413145325        3.83893453487729      H
       -4.24150171894155        1.77525256223676       -0.61293809368830      H
        4.28156091939432        1.11064123955322       -0.04708861446393      H
       -0.21408900447485        4.28773475036410       -1.53578116983842      H
        0.97429024909700        3.59682443098974        1.58685667955637      H
$end
